Author,Year,Fo,peak,celsius,GPa ,fO2Buffer,fO2_log10bars,Experiment,name,orientation,hours,mechanism,log10D,log10Derror,percentpv,maxmin,method,,,,,,,,,,,,,,,,,,,,,,,,,,,,,,,,,,,,,,,,,,,,,,,,,,,,,,,,,,,,,,,,,,,,,,,,,,,,,,,,,,,,,,,,,,,,,,,,,,,,,,,,,,,,,,,,,,,,,,,,,,,,,,,,,,,,,,,,,,,,,,,,,,,,,,,,,,,,,,,,,,,,,,,,,,,,,,,,,,,,,,,,,,,,,,,,,,,,,,,,,,,,,,,,,,,,,,,,,,,,,,,,,,,,,,,,,,,,,,,,,,,,,,,,,,,,,,,,,,,,,,,,,,,,,,,,,,,,,,,,,,,,,,,,,,,,,,,,,,,,,,,,,,,,,,,,,,,,,,,,,,,,,,,,,,,,,,,,,,,,,,,,,,,,,,,,,,,,,,,,,,,,,,,,,,,,,,,,,,,,,,,,,,,,,,,,,,,,,,,,,,,,,,,,,,,,,,,,,,,,,,,,,,,,,,,,,,,,,,,,,,,,,,,,,,,,,,,,,,,,,,,,,,,,,,,,,,,,,,,,,,,,,,,,,,,,,,,,,,,,,,,,,,,,,,,,,,,,,,,,,,,,,,,,,,,,,,,,,,,,,,,,,,,,,,,,,,,,,,,,,,,,,,,,,,,,,,,,,,,,,,,,,,,,,,,,,,,,,,,,,,,,,,,,,,,,,,,,,,,,,,,,,,,,,,,,,,,,,,,,,,,,,,,,,,,,,,,,,,,,,,,,,,,,,,,,,,,,,,,,,,,,,,,,,,,,,,,,,,,,,,,,,,,,,,,,,,,,,,,,,,,,,,,,,,,,,,,,,,,,,,,,,,,,,,,,,,,,,,,,,,,,,,,,,,,,,,,,,,,,,,,,,,,,,,,,,,,,,,,,,,,,,,,,,,,,,,,,,,,,,,,,,,,,,,,,,,,,,,,,,,,,,,,,,,,,,,,,,,,,,,,,,,,,,,,,,,,,,,,,,,,,,,,,,,,,,,,,,,,,,,,,,,,,,,,,,,,,,,,,,,,,,,,,,,,,,,,,,,,,,,,,,,,,,,,,,,,,,,,,,,,,,,,,,,,,,,,,,,,,,,,,,,,,,,,,,,,,,,,,,,,,,,
Ferriss,in prep,87.7,bulk H,1000,1,Ni-NiO,-10.3,hydration,SC1-7,a,7,bulk,-12.9,,100,no,polarized FTIR E ,,,,,,,,,,,,,,,,,,,,,,,,,,,,,,,,,,,,,,,,,,,,,,,,,,,,,,,,,,,,,,,,,,,,,,,,,,,,,,,,,,,,,,,,,,,,,,,,,,,,,,,,,,,,,,,,,,,,,,,,,,,,,,,,,,,,,,,,,,,,,,,,,,,,,,,,,,,,,,,,,,,,,,,,,,,,,,,,,,,,,,,,,,,,,,,,,,,,,,,,,,,,,,,,,,,,,,,,,,,,,,,,,,,,,,,,,,,,,,,,,,,,,,,,,,,,,,,,,,,,,,,,,,,,,,,,,,,,,,,,,,,,,,,,,,,,,,,,,,,,,,,,,,,,,,,,,,,,,,,,,,,,,,,,,,,,,,,,,,,,,,,,,,,,,,,,,,,,,,,,,,,,,,,,,,,,,,,,,,,,,,,,,,,,,,,,,,,,,,,,,,,,,,,,,,,,,,,,,,,,,,,,,,,,,,,,,,,,,,,,,,,,,,,,,,,,,,,,,,,,,,,,,,,,,,,,,,,,,,,,,,,,,,,,,,,,,,,,,,,,,,,,,,,,,,,,,,,,,,,,,,,,,,,,,,,,,,,,,,,,,,,,,,,,,,,,,,,,,,,,,,,,,,,,,,,,,,,,,,,,,,,,,,,,,,,,,,,,,,,,,,,,,,,,,,,,,,,,,,,,,,,,,,,,,,,,,,,,,,,,,,,,,,,,,,,,,,,,,,,,,,,,,,,,,,,,,,,,,,,,,,,,,,,,,,,,,,,,,,,,,,,,,,,,,,,,,,,,,,,,,,,,,,,,,,,,,,,,,,,,,,,,,,,,,,,,,,,,,,,,,,,,,,,,,,,,,,,,,,,,,,,,,,,,,,,,,,,,,,,,,,,,,,,,,,,,,,,,,,,,,,,,,,,,,,,,,,,,,,,,,,,,,,,,,,,,,,,,,,,,,,,,,,,,,,,,,,,,,,,,,,,,,,,,,,,,,,,,,,,,,,,,,,,,,,,,,,,,,,,,,,,,,,,,,,,,,,,,,,,,,,,,,,,,,,,,,,,,,,,,,,,,,,,,,,,,,,,,,,,,,,,,,,,,,,,,,,,,,,,,,,,,,,
Ferriss,in prep,87.7,bulk H,1000,1,Ni-NiO,-10.3,hydration,SC1-7,b,7,bulk,-11.9,,100,no,polarized FTIR E ,,,,,,,,,,,,,,,,,,,,,,,,,,,,,,,,,,,,,,,,,,,,,,,,,,,,,,,,,,,,,,,,,,,,,,,,,,,,,,,,,,,,,,,,,,,,,,,,,,,,,,,,,,,,,,,,,,,,,,,,,,,,,,,,,,,,,,,,,,,,,,,,,,,,,,,,,,,,,,,,,,,,,,,,,,,,,,,,,,,,,,,,,,,,,,,,,,,,,,,,,,,,,,,,,,,,,,,,,,,,,,,,,,,,,,,,,,,,,,,,,,,,,,,,,,,,,,,,,,,,,,,,,,,,,,,,,,,,,,,,,,,,,,,,,,,,,,,,,,,,,,,,,,,,,,,,,,,,,,,,,,,,,,,,,,,,,,,,,,,,,,,,,,,,,,,,,,,,,,,,,,,,,,,,,,,,,,,,,,,,,,,,,,,,,,,,,,,,,,,,,,,,,,,,,,,,,,,,,,,,,,,,,,,,,,,,,,,,,,,,,,,,,,,,,,,,,,,,,,,,,,,,,,,,,,,,,,,,,,,,,,,,,,,,,,,,,,,,,,,,,,,,,,,,,,,,,,,,,,,,,,,,,,,,,,,,,,,,,,,,,,,,,,,,,,,,,,,,,,,,,,,,,,,,,,,,,,,,,,,,,,,,,,,,,,,,,,,,,,,,,,,,,,,,,,,,,,,,,,,,,,,,,,,,,,,,,,,,,,,,,,,,,,,,,,,,,,,,,,,,,,,,,,,,,,,,,,,,,,,,,,,,,,,,,,,,,,,,,,,,,,,,,,,,,,,,,,,,,,,,,,,,,,,,,,,,,,,,,,,,,,,,,,,,,,,,,,,,,,,,,,,,,,,,,,,,,,,,,,,,,,,,,,,,,,,,,,,,,,,,,,,,,,,,,,,,,,,,,,,,,,,,,,,,,,,,,,,,,,,,,,,,,,,,,,,,,,,,,,,,,,,,,,,,,,,,,,,,,,,,,,,,,,,,,,,,,,,,,,,,,,,,,,,,,,,,,,,,,,,,,,,,,,,,,,,,,,,,,,,,,,,,,,,,,,,,,,,,,,,,,,,,,,,,,,,,,,,,,,,,,,,,,,,,,,,,,,,,,,,,,,,,,,
Ferriss,in prep,87.7,bulk H,1000,1,Ni-NiO,-10.3,hydration,SC1-7,c,7,bulk,-11.4,,100,no,polarized FTIR E ,,,,,,,,,,,,,,,,,,,,,,,,,,,,,,,,,,,,,,,,,,,,,,,,,,,,,,,,,,,,,,,,,,,,,,,,,,,,,,,,,,,,,,,,,,,,,,,,,,,,,,,,,,,,,,,,,,,,,,,,,,,,,,,,,,,,,,,,,,,,,,,,,,,,,,,,,,,,,,,,,,,,,,,,,,,,,,,,,,,,,,,,,,,,,,,,,,,,,,,,,,,,,,,,,,,,,,,,,,,,,,,,,,,,,,,,,,,,,,,,,,,,,,,,,,,,,,,,,,,,,,,,,,,,,,,,,,,,,,,,,,,,,,,,,,,,,,,,,,,,,,,,,,,,,,,,,,,,,,,,,,,,,,,,,,,,,,,,,,,,,,,,,,,,,,,,,,,,,,,,,,,,,,,,,,,,,,,,,,,,,,,,,,,,,,,,,,,,,,,,,,,,,,,,,,,,,,,,,,,,,,,,,,,,,,,,,,,,,,,,,,,,,,,,,,,,,,,,,,,,,,,,,,,,,,,,,,,,,,,,,,,,,,,,,,,,,,,,,,,,,,,,,,,,,,,,,,,,,,,,,,,,,,,,,,,,,,,,,,,,,,,,,,,,,,,,,,,,,,,,,,,,,,,,,,,,,,,,,,,,,,,,,,,,,,,,,,,,,,,,,,,,,,,,,,,,,,,,,,,,,,,,,,,,,,,,,,,,,,,,,,,,,,,,,,,,,,,,,,,,,,,,,,,,,,,,,,,,,,,,,,,,,,,,,,,,,,,,,,,,,,,,,,,,,,,,,,,,,,,,,,,,,,,,,,,,,,,,,,,,,,,,,,,,,,,,,,,,,,,,,,,,,,,,,,,,,,,,,,,,,,,,,,,,,,,,,,,,,,,,,,,,,,,,,,,,,,,,,,,,,,,,,,,,,,,,,,,,,,,,,,,,,,,,,,,,,,,,,,,,,,,,,,,,,,,,,,,,,,,,,,,,,,,,,,,,,,,,,,,,,,,,,,,,,,,,,,,,,,,,,,,,,,,,,,,,,,,,,,,,,,,,,,,,,,,,,,,,,,,,,,,,,,,,,,,,,,,,,,,,,,,,,,,,,,,,,,,,,,,,,,,,,,
Ferriss,in prep,87.7,3236,1000,1,Ni-NiO,-10.3,hydration,SC1-7,a,7,[Mg],-12.9,,100,no,polarized FTIR E ,,,,,,,,,,,,,,,,,,,,,,,,,,,,,,,,,,,,,,,,,,,,,,,,,,,,,,,,,,,,,,,,,,,,,,,,,,,,,,,,,,,,,,,,,,,,,,,,,,,,,,,,,,,,,,,,,,,,,,,,,,,,,,,,,,,,,,,,,,,,,,,,,,,,,,,,,,,,,,,,,,,,,,,,,,,,,,,,,,,,,,,,,,,,,,,,,,,,,,,,,,,,,,,,,,,,,,,,,,,,,,,,,,,,,,,,,,,,,,,,,,,,,,,,,,,,,,,,,,,,,,,,,,,,,,,,,,,,,,,,,,,,,,,,,,,,,,,,,,,,,,,,,,,,,,,,,,,,,,,,,,,,,,,,,,,,,,,,,,,,,,,,,,,,,,,,,,,,,,,,,,,,,,,,,,,,,,,,,,,,,,,,,,,,,,,,,,,,,,,,,,,,,,,,,,,,,,,,,,,,,,,,,,,,,,,,,,,,,,,,,,,,,,,,,,,,,,,,,,,,,,,,,,,,,,,,,,,,,,,,,,,,,,,,,,,,,,,,,,,,,,,,,,,,,,,,,,,,,,,,,,,,,,,,,,,,,,,,,,,,,,,,,,,,,,,,,,,,,,,,,,,,,,,,,,,,,,,,,,,,,,,,,,,,,,,,,,,,,,,,,,,,,,,,,,,,,,,,,,,,,,,,,,,,,,,,,,,,,,,,,,,,,,,,,,,,,,,,,,,,,,,,,,,,,,,,,,,,,,,,,,,,,,,,,,,,,,,,,,,,,,,,,,,,,,,,,,,,,,,,,,,,,,,,,,,,,,,,,,,,,,,,,,,,,,,,,,,,,,,,,,,,,,,,,,,,,,,,,,,,,,,,,,,,,,,,,,,,,,,,,,,,,,,,,,,,,,,,,,,,,,,,,,,,,,,,,,,,,,,,,,,,,,,,,,,,,,,,,,,,,,,,,,,,,,,,,,,,,,,,,,,,,,,,,,,,,,,,,,,,,,,,,,,,,,,,,,,,,,,,,,,,,,,,,,,,,,,,,,,,,,,,,,,,,,,,,,,,,,,,,,,,,,,,,,,,,,,,,,,,,,,,,,,,,,,,,,,,,,,,,,,,,,
Ferriss,in prep,87.7,3236,1000,1,Ni-NiO,-10.3,hydration,SC1-7,b,7,[Mg],-11.4,,100,no,polarized FTIR E ,,,,,,,,,,,,,,,,,,,,,,,,,,,,,,,,,,,,,,,,,,,,,,,,,,,,,,,,,,,,,,,,,,,,,,,,,,,,,,,,,,,,,,,,,,,,,,,,,,,,,,,,,,,,,,,,,,,,,,,,,,,,,,,,,,,,,,,,,,,,,,,,,,,,,,,,,,,,,,,,,,,,,,,,,,,,,,,,,,,,,,,,,,,,,,,,,,,,,,,,,,,,,,,,,,,,,,,,,,,,,,,,,,,,,,,,,,,,,,,,,,,,,,,,,,,,,,,,,,,,,,,,,,,,,,,,,,,,,,,,,,,,,,,,,,,,,,,,,,,,,,,,,,,,,,,,,,,,,,,,,,,,,,,,,,,,,,,,,,,,,,,,,,,,,,,,,,,,,,,,,,,,,,,,,,,,,,,,,,,,,,,,,,,,,,,,,,,,,,,,,,,,,,,,,,,,,,,,,,,,,,,,,,,,,,,,,,,,,,,,,,,,,,,,,,,,,,,,,,,,,,,,,,,,,,,,,,,,,,,,,,,,,,,,,,,,,,,,,,,,,,,,,,,,,,,,,,,,,,,,,,,,,,,,,,,,,,,,,,,,,,,,,,,,,,,,,,,,,,,,,,,,,,,,,,,,,,,,,,,,,,,,,,,,,,,,,,,,,,,,,,,,,,,,,,,,,,,,,,,,,,,,,,,,,,,,,,,,,,,,,,,,,,,,,,,,,,,,,,,,,,,,,,,,,,,,,,,,,,,,,,,,,,,,,,,,,,,,,,,,,,,,,,,,,,,,,,,,,,,,,,,,,,,,,,,,,,,,,,,,,,,,,,,,,,,,,,,,,,,,,,,,,,,,,,,,,,,,,,,,,,,,,,,,,,,,,,,,,,,,,,,,,,,,,,,,,,,,,,,,,,,,,,,,,,,,,,,,,,,,,,,,,,,,,,,,,,,,,,,,,,,,,,,,,,,,,,,,,,,,,,,,,,,,,,,,,,,,,,,,,,,,,,,,,,,,,,,,,,,,,,,,,,,,,,,,,,,,,,,,,,,,,,,,,,,,,,,,,,,,,,,,,,,,,,,,,,,,,,,,,,,,,,,,,,,,,,,,,,,,,,,,,,
Ferriss,in prep,87.7,3236,1000,1,Ni-NiO,-10.3,hydration,SC1-7,c,7,[Mg],-11.4,,100,no,polarized FTIR E ,,,,,,,,,,,,,,,,,,,,,,,,,,,,,,,,,,,,,,,,,,,,,,,,,,,,,,,,,,,,,,,,,,,,,,,,,,,,,,,,,,,,,,,,,,,,,,,,,,,,,,,,,,,,,,,,,,,,,,,,,,,,,,,,,,,,,,,,,,,,,,,,,,,,,,,,,,,,,,,,,,,,,,,,,,,,,,,,,,,,,,,,,,,,,,,,,,,,,,,,,,,,,,,,,,,,,,,,,,,,,,,,,,,,,,,,,,,,,,,,,,,,,,,,,,,,,,,,,,,,,,,,,,,,,,,,,,,,,,,,,,,,,,,,,,,,,,,,,,,,,,,,,,,,,,,,,,,,,,,,,,,,,,,,,,,,,,,,,,,,,,,,,,,,,,,,,,,,,,,,,,,,,,,,,,,,,,,,,,,,,,,,,,,,,,,,,,,,,,,,,,,,,,,,,,,,,,,,,,,,,,,,,,,,,,,,,,,,,,,,,,,,,,,,,,,,,,,,,,,,,,,,,,,,,,,,,,,,,,,,,,,,,,,,,,,,,,,,,,,,,,,,,,,,,,,,,,,,,,,,,,,,,,,,,,,,,,,,,,,,,,,,,,,,,,,,,,,,,,,,,,,,,,,,,,,,,,,,,,,,,,,,,,,,,,,,,,,,,,,,,,,,,,,,,,,,,,,,,,,,,,,,,,,,,,,,,,,,,,,,,,,,,,,,,,,,,,,,,,,,,,,,,,,,,,,,,,,,,,,,,,,,,,,,,,,,,,,,,,,,,,,,,,,,,,,,,,,,,,,,,,,,,,,,,,,,,,,,,,,,,,,,,,,,,,,,,,,,,,,,,,,,,,,,,,,,,,,,,,,,,,,,,,,,,,,,,,,,,,,,,,,,,,,,,,,,,,,,,,,,,,,,,,,,,,,,,,,,,,,,,,,,,,,,,,,,,,,,,,,,,,,,,,,,,,,,,,,,,,,,,,,,,,,,,,,,,,,,,,,,,,,,,,,,,,,,,,,,,,,,,,,,,,,,,,,,,,,,,,,,,,,,,,,,,,,,,,,,,,,,,,,,,,,,,,,,,,,,,,,,,,,,,,,,,,,,,,,,,,,,,,,,,,
Ferriss,in prep,87.7,3356,1000,1,Ni-NiO,-10.3,hydration,SC1-7,a,7,[tri],-12.9,,100,no,polarized FTIR E ,,,,,,,,,,,,,,,,,,,,,,,,,,,,,,,,,,,,,,,,,,,,,,,,,,,,,,,,,,,,,,,,,,,,,,,,,,,,,,,,,,,,,,,,,,,,,,,,,,,,,,,,,,,,,,,,,,,,,,,,,,,,,,,,,,,,,,,,,,,,,,,,,,,,,,,,,,,,,,,,,,,,,,,,,,,,,,,,,,,,,,,,,,,,,,,,,,,,,,,,,,,,,,,,,,,,,,,,,,,,,,,,,,,,,,,,,,,,,,,,,,,,,,,,,,,,,,,,,,,,,,,,,,,,,,,,,,,,,,,,,,,,,,,,,,,,,,,,,,,,,,,,,,,,,,,,,,,,,,,,,,,,,,,,,,,,,,,,,,,,,,,,,,,,,,,,,,,,,,,,,,,,,,,,,,,,,,,,,,,,,,,,,,,,,,,,,,,,,,,,,,,,,,,,,,,,,,,,,,,,,,,,,,,,,,,,,,,,,,,,,,,,,,,,,,,,,,,,,,,,,,,,,,,,,,,,,,,,,,,,,,,,,,,,,,,,,,,,,,,,,,,,,,,,,,,,,,,,,,,,,,,,,,,,,,,,,,,,,,,,,,,,,,,,,,,,,,,,,,,,,,,,,,,,,,,,,,,,,,,,,,,,,,,,,,,,,,,,,,,,,,,,,,,,,,,,,,,,,,,,,,,,,,,,,,,,,,,,,,,,,,,,,,,,,,,,,,,,,,,,,,,,,,,,,,,,,,,,,,,,,,,,,,,,,,,,,,,,,,,,,,,,,,,,,,,,,,,,,,,,,,,,,,,,,,,,,,,,,,,,,,,,,,,,,,,,,,,,,,,,,,,,,,,,,,,,,,,,,,,,,,,,,,,,,,,,,,,,,,,,,,,,,,,,,,,,,,,,,,,,,,,,,,,,,,,,,,,,,,,,,,,,,,,,,,,,,,,,,,,,,,,,,,,,,,,,,,,,,,,,,,,,,,,,,,,,,,,,,,,,,,,,,,,,,,,,,,,,,,,,,,,,,,,,,,,,,,,,,,,,,,,,,,,,,,,,,,,,,,,,,,,,,,,,,,,,,,,,,,,,,,,,,,,,,,,,,,,,,,,,,,,,,,
Ferriss,in prep,87.7,3356,1000,1,Ni-NiO,-10.3,hydration,SC1-7,b,7,[tri],-11.9,,100,no,polarized FTIR E ,,,,,,,,,,,,,,,,,,,,,,,,,,,,,,,,,,,,,,,,,,,,,,,,,,,,,,,,,,,,,,,,,,,,,,,,,,,,,,,,,,,,,,,,,,,,,,,,,,,,,,,,,,,,,,,,,,,,,,,,,,,,,,,,,,,,,,,,,,,,,,,,,,,,,,,,,,,,,,,,,,,,,,,,,,,,,,,,,,,,,,,,,,,,,,,,,,,,,,,,,,,,,,,,,,,,,,,,,,,,,,,,,,,,,,,,,,,,,,,,,,,,,,,,,,,,,,,,,,,,,,,,,,,,,,,,,,,,,,,,,,,,,,,,,,,,,,,,,,,,,,,,,,,,,,,,,,,,,,,,,,,,,,,,,,,,,,,,,,,,,,,,,,,,,,,,,,,,,,,,,,,,,,,,,,,,,,,,,,,,,,,,,,,,,,,,,,,,,,,,,,,,,,,,,,,,,,,,,,,,,,,,,,,,,,,,,,,,,,,,,,,,,,,,,,,,,,,,,,,,,,,,,,,,,,,,,,,,,,,,,,,,,,,,,,,,,,,,,,,,,,,,,,,,,,,,,,,,,,,,,,,,,,,,,,,,,,,,,,,,,,,,,,,,,,,,,,,,,,,,,,,,,,,,,,,,,,,,,,,,,,,,,,,,,,,,,,,,,,,,,,,,,,,,,,,,,,,,,,,,,,,,,,,,,,,,,,,,,,,,,,,,,,,,,,,,,,,,,,,,,,,,,,,,,,,,,,,,,,,,,,,,,,,,,,,,,,,,,,,,,,,,,,,,,,,,,,,,,,,,,,,,,,,,,,,,,,,,,,,,,,,,,,,,,,,,,,,,,,,,,,,,,,,,,,,,,,,,,,,,,,,,,,,,,,,,,,,,,,,,,,,,,,,,,,,,,,,,,,,,,,,,,,,,,,,,,,,,,,,,,,,,,,,,,,,,,,,,,,,,,,,,,,,,,,,,,,,,,,,,,,,,,,,,,,,,,,,,,,,,,,,,,,,,,,,,,,,,,,,,,,,,,,,,,,,,,,,,,,,,,,,,,,,,,,,,,,,,,,,,,,,,,,,,,,,,,,,,,,,,,,,,,,,,,,,,,,,,,,,,,,,,,,
Ferriss,in prep,87.7,3356,1000,1,Ni-NiO,-10.3,hydration,SC1-7,c,7,[tri],-11.4,,100,no,polarized FTIR E ,,,,,,,,,,,,,,,,,,,,,,,,,,,,,,,,,,,,,,,,,,,,,,,,,,,,,,,,,,,,,,,,,,,,,,,,,,,,,,,,,,,,,,,,,,,,,,,,,,,,,,,,,,,,,,,,,,,,,,,,,,,,,,,,,,,,,,,,,,,,,,,,,,,,,,,,,,,,,,,,,,,,,,,,,,,,,,,,,,,,,,,,,,,,,,,,,,,,,,,,,,,,,,,,,,,,,,,,,,,,,,,,,,,,,,,,,,,,,,,,,,,,,,,,,,,,,,,,,,,,,,,,,,,,,,,,,,,,,,,,,,,,,,,,,,,,,,,,,,,,,,,,,,,,,,,,,,,,,,,,,,,,,,,,,,,,,,,,,,,,,,,,,,,,,,,,,,,,,,,,,,,,,,,,,,,,,,,,,,,,,,,,,,,,,,,,,,,,,,,,,,,,,,,,,,,,,,,,,,,,,,,,,,,,,,,,,,,,,,,,,,,,,,,,,,,,,,,,,,,,,,,,,,,,,,,,,,,,,,,,,,,,,,,,,,,,,,,,,,,,,,,,,,,,,,,,,,,,,,,,,,,,,,,,,,,,,,,,,,,,,,,,,,,,,,,,,,,,,,,,,,,,,,,,,,,,,,,,,,,,,,,,,,,,,,,,,,,,,,,,,,,,,,,,,,,,,,,,,,,,,,,,,,,,,,,,,,,,,,,,,,,,,,,,,,,,,,,,,,,,,,,,,,,,,,,,,,,,,,,,,,,,,,,,,,,,,,,,,,,,,,,,,,,,,,,,,,,,,,,,,,,,,,,,,,,,,,,,,,,,,,,,,,,,,,,,,,,,,,,,,,,,,,,,,,,,,,,,,,,,,,,,,,,,,,,,,,,,,,,,,,,,,,,,,,,,,,,,,,,,,,,,,,,,,,,,,,,,,,,,,,,,,,,,,,,,,,,,,,,,,,,,,,,,,,,,,,,,,,,,,,,,,,,,,,,,,,,,,,,,,,,,,,,,,,,,,,,,,,,,,,,,,,,,,,,,,,,,,,,,,,,,,,,,,,,,,,,,,,,,,,,,,,,,,,,,,,,,,,,,,,,,,,,,,,,,,,,,,,,,,,,,,,
Ferriss,in prep,87.7,3525,1000,1,Ni-NiO,-10.3,hydration,SC1-7,a,7,[Ti],-12.9,,100,no,polarized FTIR E ,,,,,,,,,,,,,,,,,,,,,,,,,,,,,,,,,,,,,,,,,,,,,,,,,,,,,,,,,,,,,,,,,,,,,,,,,,,,,,,,,,,,,,,,,,,,,,,,,,,,,,,,,,,,,,,,,,,,,,,,,,,,,,,,,,,,,,,,,,,,,,,,,,,,,,,,,,,,,,,,,,,,,,,,,,,,,,,,,,,,,,,,,,,,,,,,,,,,,,,,,,,,,,,,,,,,,,,,,,,,,,,,,,,,,,,,,,,,,,,,,,,,,,,,,,,,,,,,,,,,,,,,,,,,,,,,,,,,,,,,,,,,,,,,,,,,,,,,,,,,,,,,,,,,,,,,,,,,,,,,,,,,,,,,,,,,,,,,,,,,,,,,,,,,,,,,,,,,,,,,,,,,,,,,,,,,,,,,,,,,,,,,,,,,,,,,,,,,,,,,,,,,,,,,,,,,,,,,,,,,,,,,,,,,,,,,,,,,,,,,,,,,,,,,,,,,,,,,,,,,,,,,,,,,,,,,,,,,,,,,,,,,,,,,,,,,,,,,,,,,,,,,,,,,,,,,,,,,,,,,,,,,,,,,,,,,,,,,,,,,,,,,,,,,,,,,,,,,,,,,,,,,,,,,,,,,,,,,,,,,,,,,,,,,,,,,,,,,,,,,,,,,,,,,,,,,,,,,,,,,,,,,,,,,,,,,,,,,,,,,,,,,,,,,,,,,,,,,,,,,,,,,,,,,,,,,,,,,,,,,,,,,,,,,,,,,,,,,,,,,,,,,,,,,,,,,,,,,,,,,,,,,,,,,,,,,,,,,,,,,,,,,,,,,,,,,,,,,,,,,,,,,,,,,,,,,,,,,,,,,,,,,,,,,,,,,,,,,,,,,,,,,,,,,,,,,,,,,,,,,,,,,,,,,,,,,,,,,,,,,,,,,,,,,,,,,,,,,,,,,,,,,,,,,,,,,,,,,,,,,,,,,,,,,,,,,,,,,,,,,,,,,,,,,,,,,,,,,,,,,,,,,,,,,,,,,,,,,,,,,,,,,,,,,,,,,,,,,,,,,,,,,,,,,,,,,,,,,,,,,,,,,,,,,,,,,,,,,,,,,,,,,,,
Ferriss,in prep,87.7,3525,1000,1,Ni-NiO,-10.3,hydration,SC1-7,b,7,[Ti],-12.9,,100,no,polarized FTIR E ,,,,,,,,,,,,,,,,,,,,,,,,,,,,,,,,,,,,,,,,,,,,,,,,,,,,,,,,,,,,,,,,,,,,,,,,,,,,,,,,,,,,,,,,,,,,,,,,,,,,,,,,,,,,,,,,,,,,,,,,,,,,,,,,,,,,,,,,,,,,,,,,,,,,,,,,,,,,,,,,,,,,,,,,,,,,,,,,,,,,,,,,,,,,,,,,,,,,,,,,,,,,,,,,,,,,,,,,,,,,,,,,,,,,,,,,,,,,,,,,,,,,,,,,,,,,,,,,,,,,,,,,,,,,,,,,,,,,,,,,,,,,,,,,,,,,,,,,,,,,,,,,,,,,,,,,,,,,,,,,,,,,,,,,,,,,,,,,,,,,,,,,,,,,,,,,,,,,,,,,,,,,,,,,,,,,,,,,,,,,,,,,,,,,,,,,,,,,,,,,,,,,,,,,,,,,,,,,,,,,,,,,,,,,,,,,,,,,,,,,,,,,,,,,,,,,,,,,,,,,,,,,,,,,,,,,,,,,,,,,,,,,,,,,,,,,,,,,,,,,,,,,,,,,,,,,,,,,,,,,,,,,,,,,,,,,,,,,,,,,,,,,,,,,,,,,,,,,,,,,,,,,,,,,,,,,,,,,,,,,,,,,,,,,,,,,,,,,,,,,,,,,,,,,,,,,,,,,,,,,,,,,,,,,,,,,,,,,,,,,,,,,,,,,,,,,,,,,,,,,,,,,,,,,,,,,,,,,,,,,,,,,,,,,,,,,,,,,,,,,,,,,,,,,,,,,,,,,,,,,,,,,,,,,,,,,,,,,,,,,,,,,,,,,,,,,,,,,,,,,,,,,,,,,,,,,,,,,,,,,,,,,,,,,,,,,,,,,,,,,,,,,,,,,,,,,,,,,,,,,,,,,,,,,,,,,,,,,,,,,,,,,,,,,,,,,,,,,,,,,,,,,,,,,,,,,,,,,,,,,,,,,,,,,,,,,,,,,,,,,,,,,,,,,,,,,,,,,,,,,,,,,,,,,,,,,,,,,,,,,,,,,,,,,,,,,,,,,,,,,,,,,,,,,,,,,,,,,,,,,,,,,,,,,,,,,,,,,,,,,,,,,,,
Ferriss,in prep,87.7,3525,1000,1,Ni-NiO,-10.3,hydration,SC1-7,c,7,[Ti],-11.3,,100,no,polarized FTIR E ,,,,,,,,,,,,,,,,,,,,,,,,,,,,,,,,,,,,,,,,,,,,,,,,,,,,,,,,,,,,,,,,,,,,,,,,,,,,,,,,,,,,,,,,,,,,,,,,,,,,,,,,,,,,,,,,,,,,,,,,,,,,,,,,,,,,,,,,,,,,,,,,,,,,,,,,,,,,,,,,,,,,,,,,,,,,,,,,,,,,,,,,,,,,,,,,,,,,,,,,,,,,,,,,,,,,,,,,,,,,,,,,,,,,,,,,,,,,,,,,,,,,,,,,,,,,,,,,,,,,,,,,,,,,,,,,,,,,,,,,,,,,,,,,,,,,,,,,,,,,,,,,,,,,,,,,,,,,,,,,,,,,,,,,,,,,,,,,,,,,,,,,,,,,,,,,,,,,,,,,,,,,,,,,,,,,,,,,,,,,,,,,,,,,,,,,,,,,,,,,,,,,,,,,,,,,,,,,,,,,,,,,,,,,,,,,,,,,,,,,,,,,,,,,,,,,,,,,,,,,,,,,,,,,,,,,,,,,,,,,,,,,,,,,,,,,,,,,,,,,,,,,,,,,,,,,,,,,,,,,,,,,,,,,,,,,,,,,,,,,,,,,,,,,,,,,,,,,,,,,,,,,,,,,,,,,,,,,,,,,,,,,,,,,,,,,,,,,,,,,,,,,,,,,,,,,,,,,,,,,,,,,,,,,,,,,,,,,,,,,,,,,,,,,,,,,,,,,,,,,,,,,,,,,,,,,,,,,,,,,,,,,,,,,,,,,,,,,,,,,,,,,,,,,,,,,,,,,,,,,,,,,,,,,,,,,,,,,,,,,,,,,,,,,,,,,,,,,,,,,,,,,,,,,,,,,,,,,,,,,,,,,,,,,,,,,,,,,,,,,,,,,,,,,,,,,,,,,,,,,,,,,,,,,,,,,,,,,,,,,,,,,,,,,,,,,,,,,,,,,,,,,,,,,,,,,,,,,,,,,,,,,,,,,,,,,,,,,,,,,,,,,,,,,,,,,,,,,,,,,,,,,,,,,,,,,,,,,,,,,,,,,,,,,,,,,,,,,,,,,,,,,,,,,,,,,,,,,,,,,,,,,,,,,,,,,,,,,,,,,,,,,,,
Ferriss,in prep,87.7,3600,1000,1,Ni-NiO,-10.3,hydration,SC1-7,a,7,[Si],-12.9,,100,no,polarized FTIR E ,,,,,,,,,,,,,,,,,,,,,,,,,,,,,,,,,,,,,,,,,,,,,,,,,,,,,,,,,,,,,,,,,,,,,,,,,,,,,,,,,,,,,,,,,,,,,,,,,,,,,,,,,,,,,,,,,,,,,,,,,,,,,,,,,,,,,,,,,,,,,,,,,,,,,,,,,,,,,,,,,,,,,,,,,,,,,,,,,,,,,,,,,,,,,,,,,,,,,,,,,,,,,,,,,,,,,,,,,,,,,,,,,,,,,,,,,,,,,,,,,,,,,,,,,,,,,,,,,,,,,,,,,,,,,,,,,,,,,,,,,,,,,,,,,,,,,,,,,,,,,,,,,,,,,,,,,,,,,,,,,,,,,,,,,,,,,,,,,,,,,,,,,,,,,,,,,,,,,,,,,,,,,,,,,,,,,,,,,,,,,,,,,,,,,,,,,,,,,,,,,,,,,,,,,,,,,,,,,,,,,,,,,,,,,,,,,,,,,,,,,,,,,,,,,,,,,,,,,,,,,,,,,,,,,,,,,,,,,,,,,,,,,,,,,,,,,,,,,,,,,,,,,,,,,,,,,,,,,,,,,,,,,,,,,,,,,,,,,,,,,,,,,,,,,,,,,,,,,,,,,,,,,,,,,,,,,,,,,,,,,,,,,,,,,,,,,,,,,,,,,,,,,,,,,,,,,,,,,,,,,,,,,,,,,,,,,,,,,,,,,,,,,,,,,,,,,,,,,,,,,,,,,,,,,,,,,,,,,,,,,,,,,,,,,,,,,,,,,,,,,,,,,,,,,,,,,,,,,,,,,,,,,,,,,,,,,,,,,,,,,,,,,,,,,,,,,,,,,,,,,,,,,,,,,,,,,,,,,,,,,,,,,,,,,,,,,,,,,,,,,,,,,,,,,,,,,,,,,,,,,,,,,,,,,,,,,,,,,,,,,,,,,,,,,,,,,,,,,,,,,,,,,,,,,,,,,,,,,,,,,,,,,,,,,,,,,,,,,,,,,,,,,,,,,,,,,,,,,,,,,,,,,,,,,,,,,,,,,,,,,,,,,,,,,,,,,,,,,,,,,,,,,,,,,,,,,,,,,,,,,,,,,,,,,,,,,,,,,,,,,,,,,,
Ferriss,in prep,87.7,3600,1000,1,Ni-NiO,-10.3,hydration,SC1-7,b,7,[Si],-12.9,,100,no,polarized FTIR E ,,,,,,,,,,,,,,,,,,,,,,,,,,,,,,,,,,,,,,,,,,,,,,,,,,,,,,,,,,,,,,,,,,,,,,,,,,,,,,,,,,,,,,,,,,,,,,,,,,,,,,,,,,,,,,,,,,,,,,,,,,,,,,,,,,,,,,,,,,,,,,,,,,,,,,,,,,,,,,,,,,,,,,,,,,,,,,,,,,,,,,,,,,,,,,,,,,,,,,,,,,,,,,,,,,,,,,,,,,,,,,,,,,,,,,,,,,,,,,,,,,,,,,,,,,,,,,,,,,,,,,,,,,,,,,,,,,,,,,,,,,,,,,,,,,,,,,,,,,,,,,,,,,,,,,,,,,,,,,,,,,,,,,,,,,,,,,,,,,,,,,,,,,,,,,,,,,,,,,,,,,,,,,,,,,,,,,,,,,,,,,,,,,,,,,,,,,,,,,,,,,,,,,,,,,,,,,,,,,,,,,,,,,,,,,,,,,,,,,,,,,,,,,,,,,,,,,,,,,,,,,,,,,,,,,,,,,,,,,,,,,,,,,,,,,,,,,,,,,,,,,,,,,,,,,,,,,,,,,,,,,,,,,,,,,,,,,,,,,,,,,,,,,,,,,,,,,,,,,,,,,,,,,,,,,,,,,,,,,,,,,,,,,,,,,,,,,,,,,,,,,,,,,,,,,,,,,,,,,,,,,,,,,,,,,,,,,,,,,,,,,,,,,,,,,,,,,,,,,,,,,,,,,,,,,,,,,,,,,,,,,,,,,,,,,,,,,,,,,,,,,,,,,,,,,,,,,,,,,,,,,,,,,,,,,,,,,,,,,,,,,,,,,,,,,,,,,,,,,,,,,,,,,,,,,,,,,,,,,,,,,,,,,,,,,,,,,,,,,,,,,,,,,,,,,,,,,,,,,,,,,,,,,,,,,,,,,,,,,,,,,,,,,,,,,,,,,,,,,,,,,,,,,,,,,,,,,,,,,,,,,,,,,,,,,,,,,,,,,,,,,,,,,,,,,,,,,,,,,,,,,,,,,,,,,,,,,,,,,,,,,,,,,,,,,,,,,,,,,,,,,,,,,,,,,,,,,,,,,,,,,,,,,,,,,,,,,,,,,,,,,,,,,
Ferriss,in prep,87.7,3600,1000,1,Ni-NiO,-10.3,hydration,SC1-7,c,7,[Si],-11.3,,100,no,polarized FTIR E ,,,,,,,,,,,,,,,,,,,,,,,,,,,,,,,,,,,,,,,,,,,,,,,,,,,,,,,,,,,,,,,,,,,,,,,,,,,,,,,,,,,,,,,,,,,,,,,,,,,,,,,,,,,,,,,,,,,,,,,,,,,,,,,,,,,,,,,,,,,,,,,,,,,,,,,,,,,,,,,,,,,,,,,,,,,,,,,,,,,,,,,,,,,,,,,,,,,,,,,,,,,,,,,,,,,,,,,,,,,,,,,,,,,,,,,,,,,,,,,,,,,,,,,,,,,,,,,,,,,,,,,,,,,,,,,,,,,,,,,,,,,,,,,,,,,,,,,,,,,,,,,,,,,,,,,,,,,,,,,,,,,,,,,,,,,,,,,,,,,,,,,,,,,,,,,,,,,,,,,,,,,,,,,,,,,,,,,,,,,,,,,,,,,,,,,,,,,,,,,,,,,,,,,,,,,,,,,,,,,,,,,,,,,,,,,,,,,,,,,,,,,,,,,,,,,,,,,,,,,,,,,,,,,,,,,,,,,,,,,,,,,,,,,,,,,,,,,,,,,,,,,,,,,,,,,,,,,,,,,,,,,,,,,,,,,,,,,,,,,,,,,,,,,,,,,,,,,,,,,,,,,,,,,,,,,,,,,,,,,,,,,,,,,,,,,,,,,,,,,,,,,,,,,,,,,,,,,,,,,,,,,,,,,,,,,,,,,,,,,,,,,,,,,,,,,,,,,,,,,,,,,,,,,,,,,,,,,,,,,,,,,,,,,,,,,,,,,,,,,,,,,,,,,,,,,,,,,,,,,,,,,,,,,,,,,,,,,,,,,,,,,,,,,,,,,,,,,,,,,,,,,,,,,,,,,,,,,,,,,,,,,,,,,,,,,,,,,,,,,,,,,,,,,,,,,,,,,,,,,,,,,,,,,,,,,,,,,,,,,,,,,,,,,,,,,,,,,,,,,,,,,,,,,,,,,,,,,,,,,,,,,,,,,,,,,,,,,,,,,,,,,,,,,,,,,,,,,,,,,,,,,,,,,,,,,,,,,,,,,,,,,,,,,,,,,,,,,,,,,,,,,,,,,,,,,,,,,,,,,,,,,,,,,,,,,,,,,,,,,,,,,,,,
,,,,,,,,,,,,,,,,,,,,,,,,,,,,,,,,,,,,,,,,,,,,,,,,,,,,,,,,,,,,,,,,,,,,,,,,,,,,,,,,,,,,,,,,,,,,,,,,,,,,,,,,,,,,,,,,,,,,,,,,,,,,,,,,,,,,,,,,,,,,,,,,,,,,,,,,,,,,,,,,,,,,,,,,,,,,,,,,,,,,,,,,,,,,,,,,,,,,,,,,,,,,,,,,,,,,,,,,,,,,,,,,,,,,,,,,,,,,,,,,,,,,,,,,,,,,,,,,,,,,,,,,,,,,,,,,,,,,,,,,,,,,,,,,,,,,,,,,,,,,,,,,,,,,,,,,,,,,,,,,,,,,,,,,,,,,,,,,,,,,,,,,,,,,,,,,,,,,,,,,,,,,,,,,,,,,,,,,,,,,,,,,,,,,,,,,,,,,,,,,,,,,,,,,,,,,,,,,,,,,,,,,,,,,,,,,,,,,,,,,,,,,,,,,,,,,,,,,,,,,,,,,,,,,,,,,,,,,,,,,,,,,,,,,,,,,,,,,,,,,,,,,,,,,,,,,,,,,,,,,,,,,,,,,,,,,,,,,,,,,,,,,,,,,,,,,,,,,,,,,,,,,,,,,,,,,,,,,,,,,,,,,,,,,,,,,,,,,,,,,,,,,,,,,,,,,,,,,,,,,,,,,,,,,,,,,,,,,,,,,,,,,,,,,,,,,,,,,,,,,,,,,,,,,,,,,,,,,,,,,,,,,,,,,,,,,,,,,,,,,,,,,,,,,,,,,,,,,,,,,,,,,,,,,,,,,,,,,,,,,,,,,,,,,,,,,,,,,,,,,,,,,,,,,,,,,,,,,,,,,,,,,,,,,,,,,,,,,,,,,,,,,,,,,,,,,,,,,,,,,,,,,,,,,,,,,,,,,,,,,,,,,,,,,,,,,,,,,,,,,,,,,,,,,,,,,,,,,,,,,,,,,,,,,,,,,,,,,,,,,,,,,,,,,,,,,,,,,,,,,,,,,,,,,,,,,,,,,,,,,,,,,,,,,,,,,,,,,,,,,,,,,,,,,,,,,,,,,,,,,,,,,,,,,,,,,,,,,,,,,,,,,,,,,,,,,,,,,,,,,,,,
Ferriss,in prep,87.7,bulk H,800,0.0001,Ni-NiO,-13.9,hydration,SC1-2,a,17.4,bulk,-10.9,,0,no,polarized FTIR E ,,,,,,,,,,,,,,,,,,,,,,,,,,,,,,,,,,,,,,,,,,,,,,,,,,,,,,,,,,,,,,,,,,,,,,,,,,,,,,,,,,,,,,,,,,,,,,,,,,,,,,,,,,,,,,,,,,,,,,,,,,,,,,,,,,,,,,,,,,,,,,,,,,,,,,,,,,,,,,,,,,,,,,,,,,,,,,,,,,,,,,,,,,,,,,,,,,,,,,,,,,,,,,,,,,,,,,,,,,,,,,,,,,,,,,,,,,,,,,,,,,,,,,,,,,,,,,,,,,,,,,,,,,,,,,,,,,,,,,,,,,,,,,,,,,,,,,,,,,,,,,,,,,,,,,,,,,,,,,,,,,,,,,,,,,,,,,,,,,,,,,,,,,,,,,,,,,,,,,,,,,,,,,,,,,,,,,,,,,,,,,,,,,,,,,,,,,,,,,,,,,,,,,,,,,,,,,,,,,,,,,,,,,,,,,,,,,,,,,,,,,,,,,,,,,,,,,,,,,,,,,,,,,,,,,,,,,,,,,,,,,,,,,,,,,,,,,,,,,,,,,,,,,,,,,,,,,,,,,,,,,,,,,,,,,,,,,,,,,,,,,,,,,,,,,,,,,,,,,,,,,,,,,,,,,,,,,,,,,,,,,,,,,,,,,,,,,,,,,,,,,,,,,,,,,,,,,,,,,,,,,,,,,,,,,,,,,,,,,,,,,,,,,,,,,,,,,,,,,,,,,,,,,,,,,,,,,,,,,,,,,,,,,,,,,,,,,,,,,,,,,,,,,,,,,,,,,,,,,,,,,,,,,,,,,,,,,,,,,,,,,,,,,,,,,,,,,,,,,,,,,,,,,,,,,,,,,,,,,,,,,,,,,,,,,,,,,,,,,,,,,,,,,,,,,,,,,,,,,,,,,,,,,,,,,,,,,,,,,,,,,,,,,,,,,,,,,,,,,,,,,,,,,,,,,,,,,,,,,,,,,,,,,,,,,,,,,,,,,,,,,,,,,,,,,,,,,,,,,,,,,,,,,,,,,,,,,,,,,,,,,,,,,,,,,,,,,,,,,,,,,,,,,,,,,,,,,,,,,,,,,,,,,,,,,,,,,,,,,,,,,,,,,
Ferriss,in prep,87.7,bulk H,800,0.0001,Ni-NiO,-13.9,hydration,SC1-2,b,17.4,bulk,-12.6,,0,no,polarized FTIR E ,,,,,,,,,,,,,,,,,,,,,,,,,,,,,,,,,,,,,,,,,,,,,,,,,,,,,,,,,,,,,,,,,,,,,,,,,,,,,,,,,,,,,,,,,,,,,,,,,,,,,,,,,,,,,,,,,,,,,,,,,,,,,,,,,,,,,,,,,,,,,,,,,,,,,,,,,,,,,,,,,,,,,,,,,,,,,,,,,,,,,,,,,,,,,,,,,,,,,,,,,,,,,,,,,,,,,,,,,,,,,,,,,,,,,,,,,,,,,,,,,,,,,,,,,,,,,,,,,,,,,,,,,,,,,,,,,,,,,,,,,,,,,,,,,,,,,,,,,,,,,,,,,,,,,,,,,,,,,,,,,,,,,,,,,,,,,,,,,,,,,,,,,,,,,,,,,,,,,,,,,,,,,,,,,,,,,,,,,,,,,,,,,,,,,,,,,,,,,,,,,,,,,,,,,,,,,,,,,,,,,,,,,,,,,,,,,,,,,,,,,,,,,,,,,,,,,,,,,,,,,,,,,,,,,,,,,,,,,,,,,,,,,,,,,,,,,,,,,,,,,,,,,,,,,,,,,,,,,,,,,,,,,,,,,,,,,,,,,,,,,,,,,,,,,,,,,,,,,,,,,,,,,,,,,,,,,,,,,,,,,,,,,,,,,,,,,,,,,,,,,,,,,,,,,,,,,,,,,,,,,,,,,,,,,,,,,,,,,,,,,,,,,,,,,,,,,,,,,,,,,,,,,,,,,,,,,,,,,,,,,,,,,,,,,,,,,,,,,,,,,,,,,,,,,,,,,,,,,,,,,,,,,,,,,,,,,,,,,,,,,,,,,,,,,,,,,,,,,,,,,,,,,,,,,,,,,,,,,,,,,,,,,,,,,,,,,,,,,,,,,,,,,,,,,,,,,,,,,,,,,,,,,,,,,,,,,,,,,,,,,,,,,,,,,,,,,,,,,,,,,,,,,,,,,,,,,,,,,,,,,,,,,,,,,,,,,,,,,,,,,,,,,,,,,,,,,,,,,,,,,,,,,,,,,,,,,,,,,,,,,,,,,,,,,,,,,,,,,,,,,,,,,,,,,,,,,,,,,,,,,,,,,,,,,,,,,,,,,,,,,,,,,,
Ferriss,in prep,87.7,bulk H,800,0.0001,Ni-NiO,-13.9,hydration,SC1-2,c,17.4,bulk,-12.3,,0,no,polarized FTIR E ,,,,,,,,,,,,,,,,,,,,,,,,,,,,,,,,,,,,,,,,,,,,,,,,,,,,,,,,,,,,,,,,,,,,,,,,,,,,,,,,,,,,,,,,,,,,,,,,,,,,,,,,,,,,,,,,,,,,,,,,,,,,,,,,,,,,,,,,,,,,,,,,,,,,,,,,,,,,,,,,,,,,,,,,,,,,,,,,,,,,,,,,,,,,,,,,,,,,,,,,,,,,,,,,,,,,,,,,,,,,,,,,,,,,,,,,,,,,,,,,,,,,,,,,,,,,,,,,,,,,,,,,,,,,,,,,,,,,,,,,,,,,,,,,,,,,,,,,,,,,,,,,,,,,,,,,,,,,,,,,,,,,,,,,,,,,,,,,,,,,,,,,,,,,,,,,,,,,,,,,,,,,,,,,,,,,,,,,,,,,,,,,,,,,,,,,,,,,,,,,,,,,,,,,,,,,,,,,,,,,,,,,,,,,,,,,,,,,,,,,,,,,,,,,,,,,,,,,,,,,,,,,,,,,,,,,,,,,,,,,,,,,,,,,,,,,,,,,,,,,,,,,,,,,,,,,,,,,,,,,,,,,,,,,,,,,,,,,,,,,,,,,,,,,,,,,,,,,,,,,,,,,,,,,,,,,,,,,,,,,,,,,,,,,,,,,,,,,,,,,,,,,,,,,,,,,,,,,,,,,,,,,,,,,,,,,,,,,,,,,,,,,,,,,,,,,,,,,,,,,,,,,,,,,,,,,,,,,,,,,,,,,,,,,,,,,,,,,,,,,,,,,,,,,,,,,,,,,,,,,,,,,,,,,,,,,,,,,,,,,,,,,,,,,,,,,,,,,,,,,,,,,,,,,,,,,,,,,,,,,,,,,,,,,,,,,,,,,,,,,,,,,,,,,,,,,,,,,,,,,,,,,,,,,,,,,,,,,,,,,,,,,,,,,,,,,,,,,,,,,,,,,,,,,,,,,,,,,,,,,,,,,,,,,,,,,,,,,,,,,,,,,,,,,,,,,,,,,,,,,,,,,,,,,,,,,,,,,,,,,,,,,,,,,,,,,,,,,,,,,,,,,,,,,,,,,,,,,,,,,,,,,,,,,,,,,,,,,,,,,,,,,,,
Ferriss,in prep,87.7,bulk H,800,0.0001,Ni-NiO-2.6,-16.5,dehydration,SC1-2,a,1,bulk,-10.9,0.6,0,no,polarized FTIR E ,,,,,,,,,,,,,,,,,,,,,,,,,,,,,,,,,,,,,,,,,,,,,,,,,,,,,,,,,,,,,,,,,,,,,,,,,,,,,,,,,,,,,,,,,,,,,,,,,,,,,,,,,,,,,,,,,,,,,,,,,,,,,,,,,,,,,,,,,,,,,,,,,,,,,,,,,,,,,,,,,,,,,,,,,,,,,,,,,,,,,,,,,,,,,,,,,,,,,,,,,,,,,,,,,,,,,,,,,,,,,,,,,,,,,,,,,,,,,,,,,,,,,,,,,,,,,,,,,,,,,,,,,,,,,,,,,,,,,,,,,,,,,,,,,,,,,,,,,,,,,,,,,,,,,,,,,,,,,,,,,,,,,,,,,,,,,,,,,,,,,,,,,,,,,,,,,,,,,,,,,,,,,,,,,,,,,,,,,,,,,,,,,,,,,,,,,,,,,,,,,,,,,,,,,,,,,,,,,,,,,,,,,,,,,,,,,,,,,,,,,,,,,,,,,,,,,,,,,,,,,,,,,,,,,,,,,,,,,,,,,,,,,,,,,,,,,,,,,,,,,,,,,,,,,,,,,,,,,,,,,,,,,,,,,,,,,,,,,,,,,,,,,,,,,,,,,,,,,,,,,,,,,,,,,,,,,,,,,,,,,,,,,,,,,,,,,,,,,,,,,,,,,,,,,,,,,,,,,,,,,,,,,,,,,,,,,,,,,,,,,,,,,,,,,,,,,,,,,,,,,,,,,,,,,,,,,,,,,,,,,,,,,,,,,,,,,,,,,,,,,,,,,,,,,,,,,,,,,,,,,,,,,,,,,,,,,,,,,,,,,,,,,,,,,,,,,,,,,,,,,,,,,,,,,,,,,,,,,,,,,,,,,,,,,,,,,,,,,,,,,,,,,,,,,,,,,,,,,,,,,,,,,,,,,,,,,,,,,,,,,,,,,,,,,,,,,,,,,,,,,,,,,,,,,,,,,,,,,,,,,,,,,,,,,,,,,,,,,,,,,,,,,,,,,,,,,,,,,,,,,,,,,,,,,,,,,,,,,,,,,,,,,,,,,,,,,,,,,,,,,,,,,,,,,,,,,,,,,,,,,,,,,,,,,,,,,,,,,,,,,,,,,,
Ferriss,in prep,87.7,bulk H,800,0.0001,Ni-NiO-2.6,-16.5,dehydration,SC1-2,b,1,bulk,-12.6,0.6,0,no,polarized FTIR E ,,,,,,,,,,,,,,,,,,,,,,,,,,,,,,,,,,,,,,,,,,,,,,,,,,,,,,,,,,,,,,,,,,,,,,,,,,,,,,,,,,,,,,,,,,,,,,,,,,,,,,,,,,,,,,,,,,,,,,,,,,,,,,,,,,,,,,,,,,,,,,,,,,,,,,,,,,,,,,,,,,,,,,,,,,,,,,,,,,,,,,,,,,,,,,,,,,,,,,,,,,,,,,,,,,,,,,,,,,,,,,,,,,,,,,,,,,,,,,,,,,,,,,,,,,,,,,,,,,,,,,,,,,,,,,,,,,,,,,,,,,,,,,,,,,,,,,,,,,,,,,,,,,,,,,,,,,,,,,,,,,,,,,,,,,,,,,,,,,,,,,,,,,,,,,,,,,,,,,,,,,,,,,,,,,,,,,,,,,,,,,,,,,,,,,,,,,,,,,,,,,,,,,,,,,,,,,,,,,,,,,,,,,,,,,,,,,,,,,,,,,,,,,,,,,,,,,,,,,,,,,,,,,,,,,,,,,,,,,,,,,,,,,,,,,,,,,,,,,,,,,,,,,,,,,,,,,,,,,,,,,,,,,,,,,,,,,,,,,,,,,,,,,,,,,,,,,,,,,,,,,,,,,,,,,,,,,,,,,,,,,,,,,,,,,,,,,,,,,,,,,,,,,,,,,,,,,,,,,,,,,,,,,,,,,,,,,,,,,,,,,,,,,,,,,,,,,,,,,,,,,,,,,,,,,,,,,,,,,,,,,,,,,,,,,,,,,,,,,,,,,,,,,,,,,,,,,,,,,,,,,,,,,,,,,,,,,,,,,,,,,,,,,,,,,,,,,,,,,,,,,,,,,,,,,,,,,,,,,,,,,,,,,,,,,,,,,,,,,,,,,,,,,,,,,,,,,,,,,,,,,,,,,,,,,,,,,,,,,,,,,,,,,,,,,,,,,,,,,,,,,,,,,,,,,,,,,,,,,,,,,,,,,,,,,,,,,,,,,,,,,,,,,,,,,,,,,,,,,,,,,,,,,,,,,,,,,,,,,,,,,,,,,,,,,,,,,,,,,,,,,,,,,,,,,,,,,,,,,,,,,,,,,,,,,,,,,,,,,,,,,,,,,
Ferriss,in prep,87.7,bulk H,800,0.0001,Ni-NiO-2.6,-16.5,dehydration,SC1-2,c,1,bulk,-12.2,0.6,0,no,polarized FTIR E ,,,,,,,,,,,,,,,,,,,,,,,,,,,,,,,,,,,,,,,,,,,,,,,,,,,,,,,,,,,,,,,,,,,,,,,,,,,,,,,,,,,,,,,,,,,,,,,,,,,,,,,,,,,,,,,,,,,,,,,,,,,,,,,,,,,,,,,,,,,,,,,,,,,,,,,,,,,,,,,,,,,,,,,,,,,,,,,,,,,,,,,,,,,,,,,,,,,,,,,,,,,,,,,,,,,,,,,,,,,,,,,,,,,,,,,,,,,,,,,,,,,,,,,,,,,,,,,,,,,,,,,,,,,,,,,,,,,,,,,,,,,,,,,,,,,,,,,,,,,,,,,,,,,,,,,,,,,,,,,,,,,,,,,,,,,,,,,,,,,,,,,,,,,,,,,,,,,,,,,,,,,,,,,,,,,,,,,,,,,,,,,,,,,,,,,,,,,,,,,,,,,,,,,,,,,,,,,,,,,,,,,,,,,,,,,,,,,,,,,,,,,,,,,,,,,,,,,,,,,,,,,,,,,,,,,,,,,,,,,,,,,,,,,,,,,,,,,,,,,,,,,,,,,,,,,,,,,,,,,,,,,,,,,,,,,,,,,,,,,,,,,,,,,,,,,,,,,,,,,,,,,,,,,,,,,,,,,,,,,,,,,,,,,,,,,,,,,,,,,,,,,,,,,,,,,,,,,,,,,,,,,,,,,,,,,,,,,,,,,,,,,,,,,,,,,,,,,,,,,,,,,,,,,,,,,,,,,,,,,,,,,,,,,,,,,,,,,,,,,,,,,,,,,,,,,,,,,,,,,,,,,,,,,,,,,,,,,,,,,,,,,,,,,,,,,,,,,,,,,,,,,,,,,,,,,,,,,,,,,,,,,,,,,,,,,,,,,,,,,,,,,,,,,,,,,,,,,,,,,,,,,,,,,,,,,,,,,,,,,,,,,,,,,,,,,,,,,,,,,,,,,,,,,,,,,,,,,,,,,,,,,,,,,,,,,,,,,,,,,,,,,,,,,,,,,,,,,,,,,,,,,,,,,,,,,,,,,,,,,,,,,,,,,,,,,,,,,,,,,,,,,,,,,,,,,,,,,,,,,,,,,,,,,,,,,,,,,,,,,,,,,,,,
Ferriss,in prep,87.7,bulk H,800,0.0001,Ni-NiO-2.6,-16.5,dehydration,SC1-2,a,3,bulk,-10.9,0.4,0,no,polarized FTIR E ,,,,,,,,,,,,,,,,,,,,,,,,,,,,,,,,,,,,,,,,,,,,,,,,,,,,,,,,,,,,,,,,,,,,,,,,,,,,,,,,,,,,,,,,,,,,,,,,,,,,,,,,,,,,,,,,,,,,,,,,,,,,,,,,,,,,,,,,,,,,,,,,,,,,,,,,,,,,,,,,,,,,,,,,,,,,,,,,,,,,,,,,,,,,,,,,,,,,,,,,,,,,,,,,,,,,,,,,,,,,,,,,,,,,,,,,,,,,,,,,,,,,,,,,,,,,,,,,,,,,,,,,,,,,,,,,,,,,,,,,,,,,,,,,,,,,,,,,,,,,,,,,,,,,,,,,,,,,,,,,,,,,,,,,,,,,,,,,,,,,,,,,,,,,,,,,,,,,,,,,,,,,,,,,,,,,,,,,,,,,,,,,,,,,,,,,,,,,,,,,,,,,,,,,,,,,,,,,,,,,,,,,,,,,,,,,,,,,,,,,,,,,,,,,,,,,,,,,,,,,,,,,,,,,,,,,,,,,,,,,,,,,,,,,,,,,,,,,,,,,,,,,,,,,,,,,,,,,,,,,,,,,,,,,,,,,,,,,,,,,,,,,,,,,,,,,,,,,,,,,,,,,,,,,,,,,,,,,,,,,,,,,,,,,,,,,,,,,,,,,,,,,,,,,,,,,,,,,,,,,,,,,,,,,,,,,,,,,,,,,,,,,,,,,,,,,,,,,,,,,,,,,,,,,,,,,,,,,,,,,,,,,,,,,,,,,,,,,,,,,,,,,,,,,,,,,,,,,,,,,,,,,,,,,,,,,,,,,,,,,,,,,,,,,,,,,,,,,,,,,,,,,,,,,,,,,,,,,,,,,,,,,,,,,,,,,,,,,,,,,,,,,,,,,,,,,,,,,,,,,,,,,,,,,,,,,,,,,,,,,,,,,,,,,,,,,,,,,,,,,,,,,,,,,,,,,,,,,,,,,,,,,,,,,,,,,,,,,,,,,,,,,,,,,,,,,,,,,,,,,,,,,,,,,,,,,,,,,,,,,,,,,,,,,,,,,,,,,,,,,,,,,,,,,,,,,,,,,,,,,,,,,,,,,,,,,,,,,,,,,,,,,,,
Ferriss,in prep,87.7,bulk H,800,0.0001,Ni-NiO-2.6,-16.5,dehydration,SC1-2,b,3,bulk,-12.6,0.4,0,no,polarized FTIR E ,,,,,,,,,,,,,,,,,,,,,,,,,,,,,,,,,,,,,,,,,,,,,,,,,,,,,,,,,,,,,,,,,,,,,,,,,,,,,,,,,,,,,,,,,,,,,,,,,,,,,,,,,,,,,,,,,,,,,,,,,,,,,,,,,,,,,,,,,,,,,,,,,,,,,,,,,,,,,,,,,,,,,,,,,,,,,,,,,,,,,,,,,,,,,,,,,,,,,,,,,,,,,,,,,,,,,,,,,,,,,,,,,,,,,,,,,,,,,,,,,,,,,,,,,,,,,,,,,,,,,,,,,,,,,,,,,,,,,,,,,,,,,,,,,,,,,,,,,,,,,,,,,,,,,,,,,,,,,,,,,,,,,,,,,,,,,,,,,,,,,,,,,,,,,,,,,,,,,,,,,,,,,,,,,,,,,,,,,,,,,,,,,,,,,,,,,,,,,,,,,,,,,,,,,,,,,,,,,,,,,,,,,,,,,,,,,,,,,,,,,,,,,,,,,,,,,,,,,,,,,,,,,,,,,,,,,,,,,,,,,,,,,,,,,,,,,,,,,,,,,,,,,,,,,,,,,,,,,,,,,,,,,,,,,,,,,,,,,,,,,,,,,,,,,,,,,,,,,,,,,,,,,,,,,,,,,,,,,,,,,,,,,,,,,,,,,,,,,,,,,,,,,,,,,,,,,,,,,,,,,,,,,,,,,,,,,,,,,,,,,,,,,,,,,,,,,,,,,,,,,,,,,,,,,,,,,,,,,,,,,,,,,,,,,,,,,,,,,,,,,,,,,,,,,,,,,,,,,,,,,,,,,,,,,,,,,,,,,,,,,,,,,,,,,,,,,,,,,,,,,,,,,,,,,,,,,,,,,,,,,,,,,,,,,,,,,,,,,,,,,,,,,,,,,,,,,,,,,,,,,,,,,,,,,,,,,,,,,,,,,,,,,,,,,,,,,,,,,,,,,,,,,,,,,,,,,,,,,,,,,,,,,,,,,,,,,,,,,,,,,,,,,,,,,,,,,,,,,,,,,,,,,,,,,,,,,,,,,,,,,,,,,,,,,,,,,,,,,,,,,,,,,,,,,,,,,,,,,,,,,,,,,,,,,,,,,,,,,,,,,,,,,,
Ferriss,in prep,87.7,bulk H,800,0.0001,Ni-NiO-2.6,-16.5,dehydration,SC1-2,c,3,bulk,-12.2,0.4,0,no,polarized FTIR E ,,,,,,,,,,,,,,,,,,,,,,,,,,,,,,,,,,,,,,,,,,,,,,,,,,,,,,,,,,,,,,,,,,,,,,,,,,,,,,,,,,,,,,,,,,,,,,,,,,,,,,,,,,,,,,,,,,,,,,,,,,,,,,,,,,,,,,,,,,,,,,,,,,,,,,,,,,,,,,,,,,,,,,,,,,,,,,,,,,,,,,,,,,,,,,,,,,,,,,,,,,,,,,,,,,,,,,,,,,,,,,,,,,,,,,,,,,,,,,,,,,,,,,,,,,,,,,,,,,,,,,,,,,,,,,,,,,,,,,,,,,,,,,,,,,,,,,,,,,,,,,,,,,,,,,,,,,,,,,,,,,,,,,,,,,,,,,,,,,,,,,,,,,,,,,,,,,,,,,,,,,,,,,,,,,,,,,,,,,,,,,,,,,,,,,,,,,,,,,,,,,,,,,,,,,,,,,,,,,,,,,,,,,,,,,,,,,,,,,,,,,,,,,,,,,,,,,,,,,,,,,,,,,,,,,,,,,,,,,,,,,,,,,,,,,,,,,,,,,,,,,,,,,,,,,,,,,,,,,,,,,,,,,,,,,,,,,,,,,,,,,,,,,,,,,,,,,,,,,,,,,,,,,,,,,,,,,,,,,,,,,,,,,,,,,,,,,,,,,,,,,,,,,,,,,,,,,,,,,,,,,,,,,,,,,,,,,,,,,,,,,,,,,,,,,,,,,,,,,,,,,,,,,,,,,,,,,,,,,,,,,,,,,,,,,,,,,,,,,,,,,,,,,,,,,,,,,,,,,,,,,,,,,,,,,,,,,,,,,,,,,,,,,,,,,,,,,,,,,,,,,,,,,,,,,,,,,,,,,,,,,,,,,,,,,,,,,,,,,,,,,,,,,,,,,,,,,,,,,,,,,,,,,,,,,,,,,,,,,,,,,,,,,,,,,,,,,,,,,,,,,,,,,,,,,,,,,,,,,,,,,,,,,,,,,,,,,,,,,,,,,,,,,,,,,,,,,,,,,,,,,,,,,,,,,,,,,,,,,,,,,,,,,,,,,,,,,,,,,,,,,,,,,,,,,,,,,,,,,,,,,,,,,,,,,,,,,,,,,,,,,,,,,
Ferriss,in prep,87.7,bulk H,800,0.0001,Ni-NiO-2.6,-16.5,dehydration,SC1-2,a,7,bulk,-11.2,0.4,50,no,polarized FTIR E ,,,,,,,,,,,,,,,,,,,,,,,,,,,,,,,,,,,,,,,,,,,,,,,,,,,,,,,,,,,,,,,,,,,,,,,,,,,,,,,,,,,,,,,,,,,,,,,,,,,,,,,,,,,,,,,,,,,,,,,,,,,,,,,,,,,,,,,,,,,,,,,,,,,,,,,,,,,,,,,,,,,,,,,,,,,,,,,,,,,,,,,,,,,,,,,,,,,,,,,,,,,,,,,,,,,,,,,,,,,,,,,,,,,,,,,,,,,,,,,,,,,,,,,,,,,,,,,,,,,,,,,,,,,,,,,,,,,,,,,,,,,,,,,,,,,,,,,,,,,,,,,,,,,,,,,,,,,,,,,,,,,,,,,,,,,,,,,,,,,,,,,,,,,,,,,,,,,,,,,,,,,,,,,,,,,,,,,,,,,,,,,,,,,,,,,,,,,,,,,,,,,,,,,,,,,,,,,,,,,,,,,,,,,,,,,,,,,,,,,,,,,,,,,,,,,,,,,,,,,,,,,,,,,,,,,,,,,,,,,,,,,,,,,,,,,,,,,,,,,,,,,,,,,,,,,,,,,,,,,,,,,,,,,,,,,,,,,,,,,,,,,,,,,,,,,,,,,,,,,,,,,,,,,,,,,,,,,,,,,,,,,,,,,,,,,,,,,,,,,,,,,,,,,,,,,,,,,,,,,,,,,,,,,,,,,,,,,,,,,,,,,,,,,,,,,,,,,,,,,,,,,,,,,,,,,,,,,,,,,,,,,,,,,,,,,,,,,,,,,,,,,,,,,,,,,,,,,,,,,,,,,,,,,,,,,,,,,,,,,,,,,,,,,,,,,,,,,,,,,,,,,,,,,,,,,,,,,,,,,,,,,,,,,,,,,,,,,,,,,,,,,,,,,,,,,,,,,,,,,,,,,,,,,,,,,,,,,,,,,,,,,,,,,,,,,,,,,,,,,,,,,,,,,,,,,,,,,,,,,,,,,,,,,,,,,,,,,,,,,,,,,,,,,,,,,,,,,,,,,,,,,,,,,,,,,,,,,,,,,,,,,,,,,,,,,,,,,,,,,,,,,,,,,,,,,,,,,,,,,,,,,,,,,,,,,,,,,,,,,,,,,,,,
Ferriss,in prep,87.7,bulk H,800,0.0001,Ni-NiO-2.6,-16.5,dehydration,SC1-2,b,7,bulk,-12.9,0.4,50,no,polarized FTIR E ,,,,,,,,,,,,,,,,,,,,,,,,,,,,,,,,,,,,,,,,,,,,,,,,,,,,,,,,,,,,,,,,,,,,,,,,,,,,,,,,,,,,,,,,,,,,,,,,,,,,,,,,,,,,,,,,,,,,,,,,,,,,,,,,,,,,,,,,,,,,,,,,,,,,,,,,,,,,,,,,,,,,,,,,,,,,,,,,,,,,,,,,,,,,,,,,,,,,,,,,,,,,,,,,,,,,,,,,,,,,,,,,,,,,,,,,,,,,,,,,,,,,,,,,,,,,,,,,,,,,,,,,,,,,,,,,,,,,,,,,,,,,,,,,,,,,,,,,,,,,,,,,,,,,,,,,,,,,,,,,,,,,,,,,,,,,,,,,,,,,,,,,,,,,,,,,,,,,,,,,,,,,,,,,,,,,,,,,,,,,,,,,,,,,,,,,,,,,,,,,,,,,,,,,,,,,,,,,,,,,,,,,,,,,,,,,,,,,,,,,,,,,,,,,,,,,,,,,,,,,,,,,,,,,,,,,,,,,,,,,,,,,,,,,,,,,,,,,,,,,,,,,,,,,,,,,,,,,,,,,,,,,,,,,,,,,,,,,,,,,,,,,,,,,,,,,,,,,,,,,,,,,,,,,,,,,,,,,,,,,,,,,,,,,,,,,,,,,,,,,,,,,,,,,,,,,,,,,,,,,,,,,,,,,,,,,,,,,,,,,,,,,,,,,,,,,,,,,,,,,,,,,,,,,,,,,,,,,,,,,,,,,,,,,,,,,,,,,,,,,,,,,,,,,,,,,,,,,,,,,,,,,,,,,,,,,,,,,,,,,,,,,,,,,,,,,,,,,,,,,,,,,,,,,,,,,,,,,,,,,,,,,,,,,,,,,,,,,,,,,,,,,,,,,,,,,,,,,,,,,,,,,,,,,,,,,,,,,,,,,,,,,,,,,,,,,,,,,,,,,,,,,,,,,,,,,,,,,,,,,,,,,,,,,,,,,,,,,,,,,,,,,,,,,,,,,,,,,,,,,,,,,,,,,,,,,,,,,,,,,,,,,,,,,,,,,,,,,,,,,,,,,,,,,,,,,,,,,,,,,,,,,,,,,,,,,,,,,,,,,,,,,,,
Ferriss,in prep,87.7,bulk H,800,0.0001,Ni-NiO-2.6,-16.5,dehydration,SC1-2,c,7,bulk,-12.5,0.4,50,no,polarized FTIR E ,,,,,,,,,,,,,,,,,,,,,,,,,,,,,,,,,,,,,,,,,,,,,,,,,,,,,,,,,,,,,,,,,,,,,,,,,,,,,,,,,,,,,,,,,,,,,,,,,,,,,,,,,,,,,,,,,,,,,,,,,,,,,,,,,,,,,,,,,,,,,,,,,,,,,,,,,,,,,,,,,,,,,,,,,,,,,,,,,,,,,,,,,,,,,,,,,,,,,,,,,,,,,,,,,,,,,,,,,,,,,,,,,,,,,,,,,,,,,,,,,,,,,,,,,,,,,,,,,,,,,,,,,,,,,,,,,,,,,,,,,,,,,,,,,,,,,,,,,,,,,,,,,,,,,,,,,,,,,,,,,,,,,,,,,,,,,,,,,,,,,,,,,,,,,,,,,,,,,,,,,,,,,,,,,,,,,,,,,,,,,,,,,,,,,,,,,,,,,,,,,,,,,,,,,,,,,,,,,,,,,,,,,,,,,,,,,,,,,,,,,,,,,,,,,,,,,,,,,,,,,,,,,,,,,,,,,,,,,,,,,,,,,,,,,,,,,,,,,,,,,,,,,,,,,,,,,,,,,,,,,,,,,,,,,,,,,,,,,,,,,,,,,,,,,,,,,,,,,,,,,,,,,,,,,,,,,,,,,,,,,,,,,,,,,,,,,,,,,,,,,,,,,,,,,,,,,,,,,,,,,,,,,,,,,,,,,,,,,,,,,,,,,,,,,,,,,,,,,,,,,,,,,,,,,,,,,,,,,,,,,,,,,,,,,,,,,,,,,,,,,,,,,,,,,,,,,,,,,,,,,,,,,,,,,,,,,,,,,,,,,,,,,,,,,,,,,,,,,,,,,,,,,,,,,,,,,,,,,,,,,,,,,,,,,,,,,,,,,,,,,,,,,,,,,,,,,,,,,,,,,,,,,,,,,,,,,,,,,,,,,,,,,,,,,,,,,,,,,,,,,,,,,,,,,,,,,,,,,,,,,,,,,,,,,,,,,,,,,,,,,,,,,,,,,,,,,,,,,,,,,,,,,,,,,,,,,,,,,,,,,,,,,,,,,,,,,,,,,,,,,,,,,,,,,,,,,,,,,,,,,,,,,,,,,,,,,,,,,,,,,,,,,,
Ferriss,in prep,87.7,bulk H,800,0.0001,Ni-NiO-2.6,-16.5,dehydration,SC1-2,a,13,bulk,-11.1,0.2,40,no,polarized FTIR E ,,,,,,,,,,,,,,,,,,,,,,,,,,,,,,,,,,,,,,,,,,,,,,,,,,,,,,,,,,,,,,,,,,,,,,,,,,,,,,,,,,,,,,,,,,,,,,,,,,,,,,,,,,,,,,,,,,,,,,,,,,,,,,,,,,,,,,,,,,,,,,,,,,,,,,,,,,,,,,,,,,,,,,,,,,,,,,,,,,,,,,,,,,,,,,,,,,,,,,,,,,,,,,,,,,,,,,,,,,,,,,,,,,,,,,,,,,,,,,,,,,,,,,,,,,,,,,,,,,,,,,,,,,,,,,,,,,,,,,,,,,,,,,,,,,,,,,,,,,,,,,,,,,,,,,,,,,,,,,,,,,,,,,,,,,,,,,,,,,,,,,,,,,,,,,,,,,,,,,,,,,,,,,,,,,,,,,,,,,,,,,,,,,,,,,,,,,,,,,,,,,,,,,,,,,,,,,,,,,,,,,,,,,,,,,,,,,,,,,,,,,,,,,,,,,,,,,,,,,,,,,,,,,,,,,,,,,,,,,,,,,,,,,,,,,,,,,,,,,,,,,,,,,,,,,,,,,,,,,,,,,,,,,,,,,,,,,,,,,,,,,,,,,,,,,,,,,,,,,,,,,,,,,,,,,,,,,,,,,,,,,,,,,,,,,,,,,,,,,,,,,,,,,,,,,,,,,,,,,,,,,,,,,,,,,,,,,,,,,,,,,,,,,,,,,,,,,,,,,,,,,,,,,,,,,,,,,,,,,,,,,,,,,,,,,,,,,,,,,,,,,,,,,,,,,,,,,,,,,,,,,,,,,,,,,,,,,,,,,,,,,,,,,,,,,,,,,,,,,,,,,,,,,,,,,,,,,,,,,,,,,,,,,,,,,,,,,,,,,,,,,,,,,,,,,,,,,,,,,,,,,,,,,,,,,,,,,,,,,,,,,,,,,,,,,,,,,,,,,,,,,,,,,,,,,,,,,,,,,,,,,,,,,,,,,,,,,,,,,,,,,,,,,,,,,,,,,,,,,,,,,,,,,,,,,,,,,,,,,,,,,,,,,,,,,,,,,,,,,,,,,,,,,,,,,,,,,,,,,,,,,,,,,,,,,,,,,,,,,,,,,,,,,
Ferriss,in prep,87.7,bulk H,800,0.0001,Ni-NiO-2.6,-16.5,dehydration,SC1-2,b,13,bulk,-12.8,0.2,40,no,polarized FTIR E ,,,,,,,,,,,,,,,,,,,,,,,,,,,,,,,,,,,,,,,,,,,,,,,,,,,,,,,,,,,,,,,,,,,,,,,,,,,,,,,,,,,,,,,,,,,,,,,,,,,,,,,,,,,,,,,,,,,,,,,,,,,,,,,,,,,,,,,,,,,,,,,,,,,,,,,,,,,,,,,,,,,,,,,,,,,,,,,,,,,,,,,,,,,,,,,,,,,,,,,,,,,,,,,,,,,,,,,,,,,,,,,,,,,,,,,,,,,,,,,,,,,,,,,,,,,,,,,,,,,,,,,,,,,,,,,,,,,,,,,,,,,,,,,,,,,,,,,,,,,,,,,,,,,,,,,,,,,,,,,,,,,,,,,,,,,,,,,,,,,,,,,,,,,,,,,,,,,,,,,,,,,,,,,,,,,,,,,,,,,,,,,,,,,,,,,,,,,,,,,,,,,,,,,,,,,,,,,,,,,,,,,,,,,,,,,,,,,,,,,,,,,,,,,,,,,,,,,,,,,,,,,,,,,,,,,,,,,,,,,,,,,,,,,,,,,,,,,,,,,,,,,,,,,,,,,,,,,,,,,,,,,,,,,,,,,,,,,,,,,,,,,,,,,,,,,,,,,,,,,,,,,,,,,,,,,,,,,,,,,,,,,,,,,,,,,,,,,,,,,,,,,,,,,,,,,,,,,,,,,,,,,,,,,,,,,,,,,,,,,,,,,,,,,,,,,,,,,,,,,,,,,,,,,,,,,,,,,,,,,,,,,,,,,,,,,,,,,,,,,,,,,,,,,,,,,,,,,,,,,,,,,,,,,,,,,,,,,,,,,,,,,,,,,,,,,,,,,,,,,,,,,,,,,,,,,,,,,,,,,,,,,,,,,,,,,,,,,,,,,,,,,,,,,,,,,,,,,,,,,,,,,,,,,,,,,,,,,,,,,,,,,,,,,,,,,,,,,,,,,,,,,,,,,,,,,,,,,,,,,,,,,,,,,,,,,,,,,,,,,,,,,,,,,,,,,,,,,,,,,,,,,,,,,,,,,,,,,,,,,,,,,,,,,,,,,,,,,,,,,,,,,,,,,,,,,,,,,,,,,,,,,,,,,,,,,,,,,,,,,,,,,,,,
Ferriss,in prep,87.7,bulk H,800,0.0001,Ni-NiO-2.6,-16.5,dehydration,SC1-2,c,13,bulk,-12.5,0.2,40,no,polarized FTIR E ,,,,,,,,,,,,,,,,,,,,,,,,,,,,,,,,,,,,,,,,,,,,,,,,,,,,,,,,,,,,,,,,,,,,,,,,,,,,,,,,,,,,,,,,,,,,,,,,,,,,,,,,,,,,,,,,,,,,,,,,,,,,,,,,,,,,,,,,,,,,,,,,,,,,,,,,,,,,,,,,,,,,,,,,,,,,,,,,,,,,,,,,,,,,,,,,,,,,,,,,,,,,,,,,,,,,,,,,,,,,,,,,,,,,,,,,,,,,,,,,,,,,,,,,,,,,,,,,,,,,,,,,,,,,,,,,,,,,,,,,,,,,,,,,,,,,,,,,,,,,,,,,,,,,,,,,,,,,,,,,,,,,,,,,,,,,,,,,,,,,,,,,,,,,,,,,,,,,,,,,,,,,,,,,,,,,,,,,,,,,,,,,,,,,,,,,,,,,,,,,,,,,,,,,,,,,,,,,,,,,,,,,,,,,,,,,,,,,,,,,,,,,,,,,,,,,,,,,,,,,,,,,,,,,,,,,,,,,,,,,,,,,,,,,,,,,,,,,,,,,,,,,,,,,,,,,,,,,,,,,,,,,,,,,,,,,,,,,,,,,,,,,,,,,,,,,,,,,,,,,,,,,,,,,,,,,,,,,,,,,,,,,,,,,,,,,,,,,,,,,,,,,,,,,,,,,,,,,,,,,,,,,,,,,,,,,,,,,,,,,,,,,,,,,,,,,,,,,,,,,,,,,,,,,,,,,,,,,,,,,,,,,,,,,,,,,,,,,,,,,,,,,,,,,,,,,,,,,,,,,,,,,,,,,,,,,,,,,,,,,,,,,,,,,,,,,,,,,,,,,,,,,,,,,,,,,,,,,,,,,,,,,,,,,,,,,,,,,,,,,,,,,,,,,,,,,,,,,,,,,,,,,,,,,,,,,,,,,,,,,,,,,,,,,,,,,,,,,,,,,,,,,,,,,,,,,,,,,,,,,,,,,,,,,,,,,,,,,,,,,,,,,,,,,,,,,,,,,,,,,,,,,,,,,,,,,,,,,,,,,,,,,,,,,,,,,,,,,,,,,,,,,,,,,,,,,,,,,,,,,,,,,,,,,,,,,,,,,,,,,,,,,,,
Ferriss,in prep,87.7,bulk H,800,0.0001,Ni-NiO-2.6,-16.5,dehydration,SC1-2,a,19,bulk,-11.2,0.2,50,no,polarized FTIR E ,,,,,,,,,,,,,,,,,,,,,,,,,,,,,,,,,,,,,,,,,,,,,,,,,,,,,,,,,,,,,,,,,,,,,,,,,,,,,,,,,,,,,,,,,,,,,,,,,,,,,,,,,,,,,,,,,,,,,,,,,,,,,,,,,,,,,,,,,,,,,,,,,,,,,,,,,,,,,,,,,,,,,,,,,,,,,,,,,,,,,,,,,,,,,,,,,,,,,,,,,,,,,,,,,,,,,,,,,,,,,,,,,,,,,,,,,,,,,,,,,,,,,,,,,,,,,,,,,,,,,,,,,,,,,,,,,,,,,,,,,,,,,,,,,,,,,,,,,,,,,,,,,,,,,,,,,,,,,,,,,,,,,,,,,,,,,,,,,,,,,,,,,,,,,,,,,,,,,,,,,,,,,,,,,,,,,,,,,,,,,,,,,,,,,,,,,,,,,,,,,,,,,,,,,,,,,,,,,,,,,,,,,,,,,,,,,,,,,,,,,,,,,,,,,,,,,,,,,,,,,,,,,,,,,,,,,,,,,,,,,,,,,,,,,,,,,,,,,,,,,,,,,,,,,,,,,,,,,,,,,,,,,,,,,,,,,,,,,,,,,,,,,,,,,,,,,,,,,,,,,,,,,,,,,,,,,,,,,,,,,,,,,,,,,,,,,,,,,,,,,,,,,,,,,,,,,,,,,,,,,,,,,,,,,,,,,,,,,,,,,,,,,,,,,,,,,,,,,,,,,,,,,,,,,,,,,,,,,,,,,,,,,,,,,,,,,,,,,,,,,,,,,,,,,,,,,,,,,,,,,,,,,,,,,,,,,,,,,,,,,,,,,,,,,,,,,,,,,,,,,,,,,,,,,,,,,,,,,,,,,,,,,,,,,,,,,,,,,,,,,,,,,,,,,,,,,,,,,,,,,,,,,,,,,,,,,,,,,,,,,,,,,,,,,,,,,,,,,,,,,,,,,,,,,,,,,,,,,,,,,,,,,,,,,,,,,,,,,,,,,,,,,,,,,,,,,,,,,,,,,,,,,,,,,,,,,,,,,,,,,,,,,,,,,,,,,,,,,,,,,,,,,,,,,,,,,,,,,,,,,,,,,,,,,,,,,,,,,,,,,,,,,,
Ferriss,in prep,87.7,bulk H,800,0.0001,Ni-NiO-2.6,-16.5,dehydration,SC1-2,b,19,bulk,-12.9,0.2,50,no,polarized FTIR E ,,,,,,,,,,,,,,,,,,,,,,,,,,,,,,,,,,,,,,,,,,,,,,,,,,,,,,,,,,,,,,,,,,,,,,,,,,,,,,,,,,,,,,,,,,,,,,,,,,,,,,,,,,,,,,,,,,,,,,,,,,,,,,,,,,,,,,,,,,,,,,,,,,,,,,,,,,,,,,,,,,,,,,,,,,,,,,,,,,,,,,,,,,,,,,,,,,,,,,,,,,,,,,,,,,,,,,,,,,,,,,,,,,,,,,,,,,,,,,,,,,,,,,,,,,,,,,,,,,,,,,,,,,,,,,,,,,,,,,,,,,,,,,,,,,,,,,,,,,,,,,,,,,,,,,,,,,,,,,,,,,,,,,,,,,,,,,,,,,,,,,,,,,,,,,,,,,,,,,,,,,,,,,,,,,,,,,,,,,,,,,,,,,,,,,,,,,,,,,,,,,,,,,,,,,,,,,,,,,,,,,,,,,,,,,,,,,,,,,,,,,,,,,,,,,,,,,,,,,,,,,,,,,,,,,,,,,,,,,,,,,,,,,,,,,,,,,,,,,,,,,,,,,,,,,,,,,,,,,,,,,,,,,,,,,,,,,,,,,,,,,,,,,,,,,,,,,,,,,,,,,,,,,,,,,,,,,,,,,,,,,,,,,,,,,,,,,,,,,,,,,,,,,,,,,,,,,,,,,,,,,,,,,,,,,,,,,,,,,,,,,,,,,,,,,,,,,,,,,,,,,,,,,,,,,,,,,,,,,,,,,,,,,,,,,,,,,,,,,,,,,,,,,,,,,,,,,,,,,,,,,,,,,,,,,,,,,,,,,,,,,,,,,,,,,,,,,,,,,,,,,,,,,,,,,,,,,,,,,,,,,,,,,,,,,,,,,,,,,,,,,,,,,,,,,,,,,,,,,,,,,,,,,,,,,,,,,,,,,,,,,,,,,,,,,,,,,,,,,,,,,,,,,,,,,,,,,,,,,,,,,,,,,,,,,,,,,,,,,,,,,,,,,,,,,,,,,,,,,,,,,,,,,,,,,,,,,,,,,,,,,,,,,,,,,,,,,,,,,,,,,,,,,,,,,,,,,,,,,,,,,,,,,,,,,,,,,,,,,,,,,,,,,
Ferriss,in prep,87.7,bulk H,800,0.0001,Ni-NiO-2.6,-16.5,dehydration,SC1-2,c,19,bulk,-12.5,0.2,50,no,polarized FTIR E ,,,,,,,,,,,,,,,,,,,,,,,,,,,,,,,,,,,,,,,,,,,,,,,,,,,,,,,,,,,,,,,,,,,,,,,,,,,,,,,,,,,,,,,,,,,,,,,,,,,,,,,,,,,,,,,,,,,,,,,,,,,,,,,,,,,,,,,,,,,,,,,,,,,,,,,,,,,,,,,,,,,,,,,,,,,,,,,,,,,,,,,,,,,,,,,,,,,,,,,,,,,,,,,,,,,,,,,,,,,,,,,,,,,,,,,,,,,,,,,,,,,,,,,,,,,,,,,,,,,,,,,,,,,,,,,,,,,,,,,,,,,,,,,,,,,,,,,,,,,,,,,,,,,,,,,,,,,,,,,,,,,,,,,,,,,,,,,,,,,,,,,,,,,,,,,,,,,,,,,,,,,,,,,,,,,,,,,,,,,,,,,,,,,,,,,,,,,,,,,,,,,,,,,,,,,,,,,,,,,,,,,,,,,,,,,,,,,,,,,,,,,,,,,,,,,,,,,,,,,,,,,,,,,,,,,,,,,,,,,,,,,,,,,,,,,,,,,,,,,,,,,,,,,,,,,,,,,,,,,,,,,,,,,,,,,,,,,,,,,,,,,,,,,,,,,,,,,,,,,,,,,,,,,,,,,,,,,,,,,,,,,,,,,,,,,,,,,,,,,,,,,,,,,,,,,,,,,,,,,,,,,,,,,,,,,,,,,,,,,,,,,,,,,,,,,,,,,,,,,,,,,,,,,,,,,,,,,,,,,,,,,,,,,,,,,,,,,,,,,,,,,,,,,,,,,,,,,,,,,,,,,,,,,,,,,,,,,,,,,,,,,,,,,,,,,,,,,,,,,,,,,,,,,,,,,,,,,,,,,,,,,,,,,,,,,,,,,,,,,,,,,,,,,,,,,,,,,,,,,,,,,,,,,,,,,,,,,,,,,,,,,,,,,,,,,,,,,,,,,,,,,,,,,,,,,,,,,,,,,,,,,,,,,,,,,,,,,,,,,,,,,,,,,,,,,,,,,,,,,,,,,,,,,,,,,,,,,,,,,,,,,,,,,,,,,,,,,,,,,,,,,,,,,,,,,,,,,,,,,,,,,,,,,,,,,,,,,,,,,,,,,,,,
Ferriss,in prep,87.7,bulk H,800,0.0001,Ni-NiO-2.6,-16.5,dehydration,SC1-2,a,43,bulk,-11.5,0.3,75,no,polarized FTIR E ,,,,,,,,,,,,,,,,,,,,,,,,,,,,,,,,,,,,,,,,,,,,,,,,,,,,,,,,,,,,,,,,,,,,,,,,,,,,,,,,,,,,,,,,,,,,,,,,,,,,,,,,,,,,,,,,,,,,,,,,,,,,,,,,,,,,,,,,,,,,,,,,,,,,,,,,,,,,,,,,,,,,,,,,,,,,,,,,,,,,,,,,,,,,,,,,,,,,,,,,,,,,,,,,,,,,,,,,,,,,,,,,,,,,,,,,,,,,,,,,,,,,,,,,,,,,,,,,,,,,,,,,,,,,,,,,,,,,,,,,,,,,,,,,,,,,,,,,,,,,,,,,,,,,,,,,,,,,,,,,,,,,,,,,,,,,,,,,,,,,,,,,,,,,,,,,,,,,,,,,,,,,,,,,,,,,,,,,,,,,,,,,,,,,,,,,,,,,,,,,,,,,,,,,,,,,,,,,,,,,,,,,,,,,,,,,,,,,,,,,,,,,,,,,,,,,,,,,,,,,,,,,,,,,,,,,,,,,,,,,,,,,,,,,,,,,,,,,,,,,,,,,,,,,,,,,,,,,,,,,,,,,,,,,,,,,,,,,,,,,,,,,,,,,,,,,,,,,,,,,,,,,,,,,,,,,,,,,,,,,,,,,,,,,,,,,,,,,,,,,,,,,,,,,,,,,,,,,,,,,,,,,,,,,,,,,,,,,,,,,,,,,,,,,,,,,,,,,,,,,,,,,,,,,,,,,,,,,,,,,,,,,,,,,,,,,,,,,,,,,,,,,,,,,,,,,,,,,,,,,,,,,,,,,,,,,,,,,,,,,,,,,,,,,,,,,,,,,,,,,,,,,,,,,,,,,,,,,,,,,,,,,,,,,,,,,,,,,,,,,,,,,,,,,,,,,,,,,,,,,,,,,,,,,,,,,,,,,,,,,,,,,,,,,,,,,,,,,,,,,,,,,,,,,,,,,,,,,,,,,,,,,,,,,,,,,,,,,,,,,,,,,,,,,,,,,,,,,,,,,,,,,,,,,,,,,,,,,,,,,,,,,,,,,,,,,,,,,,,,,,,,,,,,,,,,,,,,,,,,,,,,,,,,,,,,,,,,,,,,,,,,,,,
Ferriss,in prep,87.7,bulk H,800,0.0001,Ni-NiO-2.6,-16.5,dehydration,SC1-2,b,43,bulk,-13.2,0.3,75,no,polarized FTIR E ,,,,,,,,,,,,,,,,,,,,,,,,,,,,,,,,,,,,,,,,,,,,,,,,,,,,,,,,,,,,,,,,,,,,,,,,,,,,,,,,,,,,,,,,,,,,,,,,,,,,,,,,,,,,,,,,,,,,,,,,,,,,,,,,,,,,,,,,,,,,,,,,,,,,,,,,,,,,,,,,,,,,,,,,,,,,,,,,,,,,,,,,,,,,,,,,,,,,,,,,,,,,,,,,,,,,,,,,,,,,,,,,,,,,,,,,,,,,,,,,,,,,,,,,,,,,,,,,,,,,,,,,,,,,,,,,,,,,,,,,,,,,,,,,,,,,,,,,,,,,,,,,,,,,,,,,,,,,,,,,,,,,,,,,,,,,,,,,,,,,,,,,,,,,,,,,,,,,,,,,,,,,,,,,,,,,,,,,,,,,,,,,,,,,,,,,,,,,,,,,,,,,,,,,,,,,,,,,,,,,,,,,,,,,,,,,,,,,,,,,,,,,,,,,,,,,,,,,,,,,,,,,,,,,,,,,,,,,,,,,,,,,,,,,,,,,,,,,,,,,,,,,,,,,,,,,,,,,,,,,,,,,,,,,,,,,,,,,,,,,,,,,,,,,,,,,,,,,,,,,,,,,,,,,,,,,,,,,,,,,,,,,,,,,,,,,,,,,,,,,,,,,,,,,,,,,,,,,,,,,,,,,,,,,,,,,,,,,,,,,,,,,,,,,,,,,,,,,,,,,,,,,,,,,,,,,,,,,,,,,,,,,,,,,,,,,,,,,,,,,,,,,,,,,,,,,,,,,,,,,,,,,,,,,,,,,,,,,,,,,,,,,,,,,,,,,,,,,,,,,,,,,,,,,,,,,,,,,,,,,,,,,,,,,,,,,,,,,,,,,,,,,,,,,,,,,,,,,,,,,,,,,,,,,,,,,,,,,,,,,,,,,,,,,,,,,,,,,,,,,,,,,,,,,,,,,,,,,,,,,,,,,,,,,,,,,,,,,,,,,,,,,,,,,,,,,,,,,,,,,,,,,,,,,,,,,,,,,,,,,,,,,,,,,,,,,,,,,,,,,,,,,,,,,,,,,,,,,,,,,,,,,,,,,,,,,,,,,,,,,,,,,,,
Ferriss,in prep,87.7,bulk H,800,0.0001,Ni-NiO-2.6,-16.5,dehydration,SC1-2,c,43,bulk,-12.8,0.3,75,no,polarized FTIR E ,,,,,,,,,,,,,,,,,,,,,,,,,,,,,,,,,,,,,,,,,,,,,,,,,,,,,,,,,,,,,,,,,,,,,,,,,,,,,,,,,,,,,,,,,,,,,,,,,,,,,,,,,,,,,,,,,,,,,,,,,,,,,,,,,,,,,,,,,,,,,,,,,,,,,,,,,,,,,,,,,,,,,,,,,,,,,,,,,,,,,,,,,,,,,,,,,,,,,,,,,,,,,,,,,,,,,,,,,,,,,,,,,,,,,,,,,,,,,,,,,,,,,,,,,,,,,,,,,,,,,,,,,,,,,,,,,,,,,,,,,,,,,,,,,,,,,,,,,,,,,,,,,,,,,,,,,,,,,,,,,,,,,,,,,,,,,,,,,,,,,,,,,,,,,,,,,,,,,,,,,,,,,,,,,,,,,,,,,,,,,,,,,,,,,,,,,,,,,,,,,,,,,,,,,,,,,,,,,,,,,,,,,,,,,,,,,,,,,,,,,,,,,,,,,,,,,,,,,,,,,,,,,,,,,,,,,,,,,,,,,,,,,,,,,,,,,,,,,,,,,,,,,,,,,,,,,,,,,,,,,,,,,,,,,,,,,,,,,,,,,,,,,,,,,,,,,,,,,,,,,,,,,,,,,,,,,,,,,,,,,,,,,,,,,,,,,,,,,,,,,,,,,,,,,,,,,,,,,,,,,,,,,,,,,,,,,,,,,,,,,,,,,,,,,,,,,,,,,,,,,,,,,,,,,,,,,,,,,,,,,,,,,,,,,,,,,,,,,,,,,,,,,,,,,,,,,,,,,,,,,,,,,,,,,,,,,,,,,,,,,,,,,,,,,,,,,,,,,,,,,,,,,,,,,,,,,,,,,,,,,,,,,,,,,,,,,,,,,,,,,,,,,,,,,,,,,,,,,,,,,,,,,,,,,,,,,,,,,,,,,,,,,,,,,,,,,,,,,,,,,,,,,,,,,,,,,,,,,,,,,,,,,,,,,,,,,,,,,,,,,,,,,,,,,,,,,,,,,,,,,,,,,,,,,,,,,,,,,,,,,,,,,,,,,,,,,,,,,,,,,,,,,,,,,,,,,,,,,,,,,,,,,,,,,,,,,,,,,,,,,,,,,,
Ferriss,in prep,87.7,bulk H,800,0.0001,Ni-NiO-2.6,-16.5,dehydration,SC1-2,a,68,bulk,-11.6,0.3,80,no,polarized FTIR E ,,,,,,,,,,,,,,,,,,,,,,,,,,,,,,,,,,,,,,,,,,,,,,,,,,,,,,,,,,,,,,,,,,,,,,,,,,,,,,,,,,,,,,,,,,,,,,,,,,,,,,,,,,,,,,,,,,,,,,,,,,,,,,,,,,,,,,,,,,,,,,,,,,,,,,,,,,,,,,,,,,,,,,,,,,,,,,,,,,,,,,,,,,,,,,,,,,,,,,,,,,,,,,,,,,,,,,,,,,,,,,,,,,,,,,,,,,,,,,,,,,,,,,,,,,,,,,,,,,,,,,,,,,,,,,,,,,,,,,,,,,,,,,,,,,,,,,,,,,,,,,,,,,,,,,,,,,,,,,,,,,,,,,,,,,,,,,,,,,,,,,,,,,,,,,,,,,,,,,,,,,,,,,,,,,,,,,,,,,,,,,,,,,,,,,,,,,,,,,,,,,,,,,,,,,,,,,,,,,,,,,,,,,,,,,,,,,,,,,,,,,,,,,,,,,,,,,,,,,,,,,,,,,,,,,,,,,,,,,,,,,,,,,,,,,,,,,,,,,,,,,,,,,,,,,,,,,,,,,,,,,,,,,,,,,,,,,,,,,,,,,,,,,,,,,,,,,,,,,,,,,,,,,,,,,,,,,,,,,,,,,,,,,,,,,,,,,,,,,,,,,,,,,,,,,,,,,,,,,,,,,,,,,,,,,,,,,,,,,,,,,,,,,,,,,,,,,,,,,,,,,,,,,,,,,,,,,,,,,,,,,,,,,,,,,,,,,,,,,,,,,,,,,,,,,,,,,,,,,,,,,,,,,,,,,,,,,,,,,,,,,,,,,,,,,,,,,,,,,,,,,,,,,,,,,,,,,,,,,,,,,,,,,,,,,,,,,,,,,,,,,,,,,,,,,,,,,,,,,,,,,,,,,,,,,,,,,,,,,,,,,,,,,,,,,,,,,,,,,,,,,,,,,,,,,,,,,,,,,,,,,,,,,,,,,,,,,,,,,,,,,,,,,,,,,,,,,,,,,,,,,,,,,,,,,,,,,,,,,,,,,,,,,,,,,,,,,,,,,,,,,,,,,,,,,,,,,,,,,,,,,,,,,,,,,,,,,,,,,,,,,,,,,
Ferriss,in prep,87.7,bulk H,800,0.0001,Ni-NiO-2.6,-16.5,dehydration,SC1-2,b,68,bulk,-13.2,0.3,80,no,polarized FTIR E ,,,,,,,,,,,,,,,,,,,,,,,,,,,,,,,,,,,,,,,,,,,,,,,,,,,,,,,,,,,,,,,,,,,,,,,,,,,,,,,,,,,,,,,,,,,,,,,,,,,,,,,,,,,,,,,,,,,,,,,,,,,,,,,,,,,,,,,,,,,,,,,,,,,,,,,,,,,,,,,,,,,,,,,,,,,,,,,,,,,,,,,,,,,,,,,,,,,,,,,,,,,,,,,,,,,,,,,,,,,,,,,,,,,,,,,,,,,,,,,,,,,,,,,,,,,,,,,,,,,,,,,,,,,,,,,,,,,,,,,,,,,,,,,,,,,,,,,,,,,,,,,,,,,,,,,,,,,,,,,,,,,,,,,,,,,,,,,,,,,,,,,,,,,,,,,,,,,,,,,,,,,,,,,,,,,,,,,,,,,,,,,,,,,,,,,,,,,,,,,,,,,,,,,,,,,,,,,,,,,,,,,,,,,,,,,,,,,,,,,,,,,,,,,,,,,,,,,,,,,,,,,,,,,,,,,,,,,,,,,,,,,,,,,,,,,,,,,,,,,,,,,,,,,,,,,,,,,,,,,,,,,,,,,,,,,,,,,,,,,,,,,,,,,,,,,,,,,,,,,,,,,,,,,,,,,,,,,,,,,,,,,,,,,,,,,,,,,,,,,,,,,,,,,,,,,,,,,,,,,,,,,,,,,,,,,,,,,,,,,,,,,,,,,,,,,,,,,,,,,,,,,,,,,,,,,,,,,,,,,,,,,,,,,,,,,,,,,,,,,,,,,,,,,,,,,,,,,,,,,,,,,,,,,,,,,,,,,,,,,,,,,,,,,,,,,,,,,,,,,,,,,,,,,,,,,,,,,,,,,,,,,,,,,,,,,,,,,,,,,,,,,,,,,,,,,,,,,,,,,,,,,,,,,,,,,,,,,,,,,,,,,,,,,,,,,,,,,,,,,,,,,,,,,,,,,,,,,,,,,,,,,,,,,,,,,,,,,,,,,,,,,,,,,,,,,,,,,,,,,,,,,,,,,,,,,,,,,,,,,,,,,,,,,,,,,,,,,,,,,,,,,,,,,,,,,,,,,,,,,,,,,,,,,,,,,,,,,,,,,,,,,,,,
Ferriss,in prep,87.7,bulk H,800,0.0001,Ni-NiO-2.6,-16.5,dehydration,SC1-2,c,68,bulk,-12.9,0.3,80,no,polarized FTIR E ,,,,,,,,,,,,,,,,,,,,,,,,,,,,,,,,,,,,,,,,,,,,,,,,,,,,,,,,,,,,,,,,,,,,,,,,,,,,,,,,,,,,,,,,,,,,,,,,,,,,,,,,,,,,,,,,,,,,,,,,,,,,,,,,,,,,,,,,,,,,,,,,,,,,,,,,,,,,,,,,,,,,,,,,,,,,,,,,,,,,,,,,,,,,,,,,,,,,,,,,,,,,,,,,,,,,,,,,,,,,,,,,,,,,,,,,,,,,,,,,,,,,,,,,,,,,,,,,,,,,,,,,,,,,,,,,,,,,,,,,,,,,,,,,,,,,,,,,,,,,,,,,,,,,,,,,,,,,,,,,,,,,,,,,,,,,,,,,,,,,,,,,,,,,,,,,,,,,,,,,,,,,,,,,,,,,,,,,,,,,,,,,,,,,,,,,,,,,,,,,,,,,,,,,,,,,,,,,,,,,,,,,,,,,,,,,,,,,,,,,,,,,,,,,,,,,,,,,,,,,,,,,,,,,,,,,,,,,,,,,,,,,,,,,,,,,,,,,,,,,,,,,,,,,,,,,,,,,,,,,,,,,,,,,,,,,,,,,,,,,,,,,,,,,,,,,,,,,,,,,,,,,,,,,,,,,,,,,,,,,,,,,,,,,,,,,,,,,,,,,,,,,,,,,,,,,,,,,,,,,,,,,,,,,,,,,,,,,,,,,,,,,,,,,,,,,,,,,,,,,,,,,,,,,,,,,,,,,,,,,,,,,,,,,,,,,,,,,,,,,,,,,,,,,,,,,,,,,,,,,,,,,,,,,,,,,,,,,,,,,,,,,,,,,,,,,,,,,,,,,,,,,,,,,,,,,,,,,,,,,,,,,,,,,,,,,,,,,,,,,,,,,,,,,,,,,,,,,,,,,,,,,,,,,,,,,,,,,,,,,,,,,,,,,,,,,,,,,,,,,,,,,,,,,,,,,,,,,,,,,,,,,,,,,,,,,,,,,,,,,,,,,,,,,,,,,,,,,,,,,,,,,,,,,,,,,,,,,,,,,,,,,,,,,,,,,,,,,,,,,,,,,,,,,,,,,,,,,,,,,,,,,,,,,,,,,,,,,,,,,,,,,,,
,,,,,,,,,,,,,,,,,,,,,,,,,,,,,,,,,,,,,,,,,,,,,,,,,,,,,,,,,,,,,,,,,,,,,,,,,,,,,,,,,,,,,,,,,,,,,,,,,,,,,,,,,,,,,,,,,,,,,,,,,,,,,,,,,,,,,,,,,,,,,,,,,,,,,,,,,,,,,,,,,,,,,,,,,,,,,,,,,,,,,,,,,,,,,,,,,,,,,,,,,,,,,,,,,,,,,,,,,,,,,,,,,,,,,,,,,,,,,,,,,,,,,,,,,,,,,,,,,,,,,,,,,,,,,,,,,,,,,,,,,,,,,,,,,,,,,,,,,,,,,,,,,,,,,,,,,,,,,,,,,,,,,,,,,,,,,,,,,,,,,,,,,,,,,,,,,,,,,,,,,,,,,,,,,,,,,,,,,,,,,,,,,,,,,,,,,,,,,,,,,,,,,,,,,,,,,,,,,,,,,,,,,,,,,,,,,,,,,,,,,,,,,,,,,,,,,,,,,,,,,,,,,,,,,,,,,,,,,,,,,,,,,,,,,,,,,,,,,,,,,,,,,,,,,,,,,,,,,,,,,,,,,,,,,,,,,,,,,,,,,,,,,,,,,,,,,,,,,,,,,,,,,,,,,,,,,,,,,,,,,,,,,,,,,,,,,,,,,,,,,,,,,,,,,,,,,,,,,,,,,,,,,,,,,,,,,,,,,,,,,,,,,,,,,,,,,,,,,,,,,,,,,,,,,,,,,,,,,,,,,,,,,,,,,,,,,,,,,,,,,,,,,,,,,,,,,,,,,,,,,,,,,,,,,,,,,,,,,,,,,,,,,,,,,,,,,,,,,,,,,,,,,,,,,,,,,,,,,,,,,,,,,,,,,,,,,,,,,,,,,,,,,,,,,,,,,,,,,,,,,,,,,,,,,,,,,,,,,,,,,,,,,,,,,,,,,,,,,,,,,,,,,,,,,,,,,,,,,,,,,,,,,,,,,,,,,,,,,,,,,,,,,,,,,,,,,,,,,,,,,,,,,,,,,,,,,,,,,,,,,,,,,,,,,,,,,,,,,,,,,,,,,,,,,,,,,,,,,,,,,,,,,,,,,,,,,,,,,,,,,,,,,,,,,,,,,,,,,,,,,,,
Ferriss,in prep,87.7,bulk H,800,0.0001,Ni-NiO,-13.9,hydration,SC1-2,a,17.4,[Ti],-10.9,,0,no,polarized FTIR E ,,,,,,,,,,,,,,,,,,,,,,,,,,,,,,,,,,,,,,,,,,,,,,,,,,,,,,,,,,,,,,,,,,,,,,,,,,,,,,,,,,,,,,,,,,,,,,,,,,,,,,,,,,,,,,,,,,,,,,,,,,,,,,,,,,,,,,,,,,,,,,,,,,,,,,,,,,,,,,,,,,,,,,,,,,,,,,,,,,,,,,,,,,,,,,,,,,,,,,,,,,,,,,,,,,,,,,,,,,,,,,,,,,,,,,,,,,,,,,,,,,,,,,,,,,,,,,,,,,,,,,,,,,,,,,,,,,,,,,,,,,,,,,,,,,,,,,,,,,,,,,,,,,,,,,,,,,,,,,,,,,,,,,,,,,,,,,,,,,,,,,,,,,,,,,,,,,,,,,,,,,,,,,,,,,,,,,,,,,,,,,,,,,,,,,,,,,,,,,,,,,,,,,,,,,,,,,,,,,,,,,,,,,,,,,,,,,,,,,,,,,,,,,,,,,,,,,,,,,,,,,,,,,,,,,,,,,,,,,,,,,,,,,,,,,,,,,,,,,,,,,,,,,,,,,,,,,,,,,,,,,,,,,,,,,,,,,,,,,,,,,,,,,,,,,,,,,,,,,,,,,,,,,,,,,,,,,,,,,,,,,,,,,,,,,,,,,,,,,,,,,,,,,,,,,,,,,,,,,,,,,,,,,,,,,,,,,,,,,,,,,,,,,,,,,,,,,,,,,,,,,,,,,,,,,,,,,,,,,,,,,,,,,,,,,,,,,,,,,,,,,,,,,,,,,,,,,,,,,,,,,,,,,,,,,,,,,,,,,,,,,,,,,,,,,,,,,,,,,,,,,,,,,,,,,,,,,,,,,,,,,,,,,,,,,,,,,,,,,,,,,,,,,,,,,,,,,,,,,,,,,,,,,,,,,,,,,,,,,,,,,,,,,,,,,,,,,,,,,,,,,,,,,,,,,,,,,,,,,,,,,,,,,,,,,,,,,,,,,,,,,,,,,,,,,,,,,,,,,,,,,,,,,,,,,,,,,,,,,,,,,,,,,,,,,,,,,,,,,,,,,,,,,,,,,,,,,,,,,,,,,,,,,,,,,,,,,,,,,,,,,,,,,
Ferriss,in prep,87.7,bulk H,800,0.0001,Ni-NiO,-13.9,hydration,SC1-2,b,17.4,[Ti],-12.6,,0,no,polarized FTIR E ,,,,,,,,,,,,,,,,,,,,,,,,,,,,,,,,,,,,,,,,,,,,,,,,,,,,,,,,,,,,,,,,,,,,,,,,,,,,,,,,,,,,,,,,,,,,,,,,,,,,,,,,,,,,,,,,,,,,,,,,,,,,,,,,,,,,,,,,,,,,,,,,,,,,,,,,,,,,,,,,,,,,,,,,,,,,,,,,,,,,,,,,,,,,,,,,,,,,,,,,,,,,,,,,,,,,,,,,,,,,,,,,,,,,,,,,,,,,,,,,,,,,,,,,,,,,,,,,,,,,,,,,,,,,,,,,,,,,,,,,,,,,,,,,,,,,,,,,,,,,,,,,,,,,,,,,,,,,,,,,,,,,,,,,,,,,,,,,,,,,,,,,,,,,,,,,,,,,,,,,,,,,,,,,,,,,,,,,,,,,,,,,,,,,,,,,,,,,,,,,,,,,,,,,,,,,,,,,,,,,,,,,,,,,,,,,,,,,,,,,,,,,,,,,,,,,,,,,,,,,,,,,,,,,,,,,,,,,,,,,,,,,,,,,,,,,,,,,,,,,,,,,,,,,,,,,,,,,,,,,,,,,,,,,,,,,,,,,,,,,,,,,,,,,,,,,,,,,,,,,,,,,,,,,,,,,,,,,,,,,,,,,,,,,,,,,,,,,,,,,,,,,,,,,,,,,,,,,,,,,,,,,,,,,,,,,,,,,,,,,,,,,,,,,,,,,,,,,,,,,,,,,,,,,,,,,,,,,,,,,,,,,,,,,,,,,,,,,,,,,,,,,,,,,,,,,,,,,,,,,,,,,,,,,,,,,,,,,,,,,,,,,,,,,,,,,,,,,,,,,,,,,,,,,,,,,,,,,,,,,,,,,,,,,,,,,,,,,,,,,,,,,,,,,,,,,,,,,,,,,,,,,,,,,,,,,,,,,,,,,,,,,,,,,,,,,,,,,,,,,,,,,,,,,,,,,,,,,,,,,,,,,,,,,,,,,,,,,,,,,,,,,,,,,,,,,,,,,,,,,,,,,,,,,,,,,,,,,,,,,,,,,,,,,,,,,,,,,,,,,,,,,,,,,,,,,,,,,,,,,,,,,,,,,,,,,,,,,,,,,,,,,,,
Ferriss,in prep,87.7,bulk H,800,0.0001,Ni-NiO,-13.9,hydration,SC1-2,c,17.4,[Ti],-12.2,,0,no,polarized FTIR E ,,,,,,,,,,,,,,,,,,,,,,,,,,,,,,,,,,,,,,,,,,,,,,,,,,,,,,,,,,,,,,,,,,,,,,,,,,,,,,,,,,,,,,,,,,,,,,,,,,,,,,,,,,,,,,,,,,,,,,,,,,,,,,,,,,,,,,,,,,,,,,,,,,,,,,,,,,,,,,,,,,,,,,,,,,,,,,,,,,,,,,,,,,,,,,,,,,,,,,,,,,,,,,,,,,,,,,,,,,,,,,,,,,,,,,,,,,,,,,,,,,,,,,,,,,,,,,,,,,,,,,,,,,,,,,,,,,,,,,,,,,,,,,,,,,,,,,,,,,,,,,,,,,,,,,,,,,,,,,,,,,,,,,,,,,,,,,,,,,,,,,,,,,,,,,,,,,,,,,,,,,,,,,,,,,,,,,,,,,,,,,,,,,,,,,,,,,,,,,,,,,,,,,,,,,,,,,,,,,,,,,,,,,,,,,,,,,,,,,,,,,,,,,,,,,,,,,,,,,,,,,,,,,,,,,,,,,,,,,,,,,,,,,,,,,,,,,,,,,,,,,,,,,,,,,,,,,,,,,,,,,,,,,,,,,,,,,,,,,,,,,,,,,,,,,,,,,,,,,,,,,,,,,,,,,,,,,,,,,,,,,,,,,,,,,,,,,,,,,,,,,,,,,,,,,,,,,,,,,,,,,,,,,,,,,,,,,,,,,,,,,,,,,,,,,,,,,,,,,,,,,,,,,,,,,,,,,,,,,,,,,,,,,,,,,,,,,,,,,,,,,,,,,,,,,,,,,,,,,,,,,,,,,,,,,,,,,,,,,,,,,,,,,,,,,,,,,,,,,,,,,,,,,,,,,,,,,,,,,,,,,,,,,,,,,,,,,,,,,,,,,,,,,,,,,,,,,,,,,,,,,,,,,,,,,,,,,,,,,,,,,,,,,,,,,,,,,,,,,,,,,,,,,,,,,,,,,,,,,,,,,,,,,,,,,,,,,,,,,,,,,,,,,,,,,,,,,,,,,,,,,,,,,,,,,,,,,,,,,,,,,,,,,,,,,,,,,,,,,,,,,,,,,,,,,,,,,,,,,,,,,,,,,,,,,,,,,,,,,,,,,,,,,
Ferriss,in prep,87.7,bulk H,800,0.0001,Ni-NiO-2.6,-16.5,dehydration,SC1-2,a,1,[Ti],-10.9,0.6,0,no,polarized FTIR E ,,,,,,,,,,,,,,,,,,,,,,,,,,,,,,,,,,,,,,,,,,,,,,,,,,,,,,,,,,,,,,,,,,,,,,,,,,,,,,,,,,,,,,,,,,,,,,,,,,,,,,,,,,,,,,,,,,,,,,,,,,,,,,,,,,,,,,,,,,,,,,,,,,,,,,,,,,,,,,,,,,,,,,,,,,,,,,,,,,,,,,,,,,,,,,,,,,,,,,,,,,,,,,,,,,,,,,,,,,,,,,,,,,,,,,,,,,,,,,,,,,,,,,,,,,,,,,,,,,,,,,,,,,,,,,,,,,,,,,,,,,,,,,,,,,,,,,,,,,,,,,,,,,,,,,,,,,,,,,,,,,,,,,,,,,,,,,,,,,,,,,,,,,,,,,,,,,,,,,,,,,,,,,,,,,,,,,,,,,,,,,,,,,,,,,,,,,,,,,,,,,,,,,,,,,,,,,,,,,,,,,,,,,,,,,,,,,,,,,,,,,,,,,,,,,,,,,,,,,,,,,,,,,,,,,,,,,,,,,,,,,,,,,,,,,,,,,,,,,,,,,,,,,,,,,,,,,,,,,,,,,,,,,,,,,,,,,,,,,,,,,,,,,,,,,,,,,,,,,,,,,,,,,,,,,,,,,,,,,,,,,,,,,,,,,,,,,,,,,,,,,,,,,,,,,,,,,,,,,,,,,,,,,,,,,,,,,,,,,,,,,,,,,,,,,,,,,,,,,,,,,,,,,,,,,,,,,,,,,,,,,,,,,,,,,,,,,,,,,,,,,,,,,,,,,,,,,,,,,,,,,,,,,,,,,,,,,,,,,,,,,,,,,,,,,,,,,,,,,,,,,,,,,,,,,,,,,,,,,,,,,,,,,,,,,,,,,,,,,,,,,,,,,,,,,,,,,,,,,,,,,,,,,,,,,,,,,,,,,,,,,,,,,,,,,,,,,,,,,,,,,,,,,,,,,,,,,,,,,,,,,,,,,,,,,,,,,,,,,,,,,,,,,,,,,,,,,,,,,,,,,,,,,,,,,,,,,,,,,,,,,,,,,,,,,,,,,,,,,,,,,,,,,,,,,,,,,,,,,,,,,,,,,,,,,,,,,,,,,,,,,,,,,
Ferriss,in prep,87.7,bulk H,800,0.0001,Ni-NiO-2.6,-16.5,dehydration,SC1-2,b,1,[Ti],-12.6,0.6,0,no,polarized FTIR E ,,,,,,,,,,,,,,,,,,,,,,,,,,,,,,,,,,,,,,,,,,,,,,,,,,,,,,,,,,,,,,,,,,,,,,,,,,,,,,,,,,,,,,,,,,,,,,,,,,,,,,,,,,,,,,,,,,,,,,,,,,,,,,,,,,,,,,,,,,,,,,,,,,,,,,,,,,,,,,,,,,,,,,,,,,,,,,,,,,,,,,,,,,,,,,,,,,,,,,,,,,,,,,,,,,,,,,,,,,,,,,,,,,,,,,,,,,,,,,,,,,,,,,,,,,,,,,,,,,,,,,,,,,,,,,,,,,,,,,,,,,,,,,,,,,,,,,,,,,,,,,,,,,,,,,,,,,,,,,,,,,,,,,,,,,,,,,,,,,,,,,,,,,,,,,,,,,,,,,,,,,,,,,,,,,,,,,,,,,,,,,,,,,,,,,,,,,,,,,,,,,,,,,,,,,,,,,,,,,,,,,,,,,,,,,,,,,,,,,,,,,,,,,,,,,,,,,,,,,,,,,,,,,,,,,,,,,,,,,,,,,,,,,,,,,,,,,,,,,,,,,,,,,,,,,,,,,,,,,,,,,,,,,,,,,,,,,,,,,,,,,,,,,,,,,,,,,,,,,,,,,,,,,,,,,,,,,,,,,,,,,,,,,,,,,,,,,,,,,,,,,,,,,,,,,,,,,,,,,,,,,,,,,,,,,,,,,,,,,,,,,,,,,,,,,,,,,,,,,,,,,,,,,,,,,,,,,,,,,,,,,,,,,,,,,,,,,,,,,,,,,,,,,,,,,,,,,,,,,,,,,,,,,,,,,,,,,,,,,,,,,,,,,,,,,,,,,,,,,,,,,,,,,,,,,,,,,,,,,,,,,,,,,,,,,,,,,,,,,,,,,,,,,,,,,,,,,,,,,,,,,,,,,,,,,,,,,,,,,,,,,,,,,,,,,,,,,,,,,,,,,,,,,,,,,,,,,,,,,,,,,,,,,,,,,,,,,,,,,,,,,,,,,,,,,,,,,,,,,,,,,,,,,,,,,,,,,,,,,,,,,,,,,,,,,,,,,,,,,,,,,,,,,,,,,,,,,,,,,,,,,,,,,,,,,,,,,,,,,,,,,,,,,
Ferriss,in prep,87.7,bulk H,800,0.0001,Ni-NiO-2.6,-16.5,dehydration,SC1-2,c,1,[Ti],-12.2,0.6,0,no,polarized FTIR E ,,,,,,,,,,,,,,,,,,,,,,,,,,,,,,,,,,,,,,,,,,,,,,,,,,,,,,,,,,,,,,,,,,,,,,,,,,,,,,,,,,,,,,,,,,,,,,,,,,,,,,,,,,,,,,,,,,,,,,,,,,,,,,,,,,,,,,,,,,,,,,,,,,,,,,,,,,,,,,,,,,,,,,,,,,,,,,,,,,,,,,,,,,,,,,,,,,,,,,,,,,,,,,,,,,,,,,,,,,,,,,,,,,,,,,,,,,,,,,,,,,,,,,,,,,,,,,,,,,,,,,,,,,,,,,,,,,,,,,,,,,,,,,,,,,,,,,,,,,,,,,,,,,,,,,,,,,,,,,,,,,,,,,,,,,,,,,,,,,,,,,,,,,,,,,,,,,,,,,,,,,,,,,,,,,,,,,,,,,,,,,,,,,,,,,,,,,,,,,,,,,,,,,,,,,,,,,,,,,,,,,,,,,,,,,,,,,,,,,,,,,,,,,,,,,,,,,,,,,,,,,,,,,,,,,,,,,,,,,,,,,,,,,,,,,,,,,,,,,,,,,,,,,,,,,,,,,,,,,,,,,,,,,,,,,,,,,,,,,,,,,,,,,,,,,,,,,,,,,,,,,,,,,,,,,,,,,,,,,,,,,,,,,,,,,,,,,,,,,,,,,,,,,,,,,,,,,,,,,,,,,,,,,,,,,,,,,,,,,,,,,,,,,,,,,,,,,,,,,,,,,,,,,,,,,,,,,,,,,,,,,,,,,,,,,,,,,,,,,,,,,,,,,,,,,,,,,,,,,,,,,,,,,,,,,,,,,,,,,,,,,,,,,,,,,,,,,,,,,,,,,,,,,,,,,,,,,,,,,,,,,,,,,,,,,,,,,,,,,,,,,,,,,,,,,,,,,,,,,,,,,,,,,,,,,,,,,,,,,,,,,,,,,,,,,,,,,,,,,,,,,,,,,,,,,,,,,,,,,,,,,,,,,,,,,,,,,,,,,,,,,,,,,,,,,,,,,,,,,,,,,,,,,,,,,,,,,,,,,,,,,,,,,,,,,,,,,,,,,,,,,,,,,,,,,,,,,,,,,,,,,,,,,,,,,,,,,,,,,,,,,,,,,
Ferriss,in prep,87.7,bulk H,800,0.0001,Ni-NiO-2.6,-16.5,dehydration,SC1-2,a,3,[Ti],-10.9,0.4,0,no,polarized FTIR E ,,,,,,,,,,,,,,,,,,,,,,,,,,,,,,,,,,,,,,,,,,,,,,,,,,,,,,,,,,,,,,,,,,,,,,,,,,,,,,,,,,,,,,,,,,,,,,,,,,,,,,,,,,,,,,,,,,,,,,,,,,,,,,,,,,,,,,,,,,,,,,,,,,,,,,,,,,,,,,,,,,,,,,,,,,,,,,,,,,,,,,,,,,,,,,,,,,,,,,,,,,,,,,,,,,,,,,,,,,,,,,,,,,,,,,,,,,,,,,,,,,,,,,,,,,,,,,,,,,,,,,,,,,,,,,,,,,,,,,,,,,,,,,,,,,,,,,,,,,,,,,,,,,,,,,,,,,,,,,,,,,,,,,,,,,,,,,,,,,,,,,,,,,,,,,,,,,,,,,,,,,,,,,,,,,,,,,,,,,,,,,,,,,,,,,,,,,,,,,,,,,,,,,,,,,,,,,,,,,,,,,,,,,,,,,,,,,,,,,,,,,,,,,,,,,,,,,,,,,,,,,,,,,,,,,,,,,,,,,,,,,,,,,,,,,,,,,,,,,,,,,,,,,,,,,,,,,,,,,,,,,,,,,,,,,,,,,,,,,,,,,,,,,,,,,,,,,,,,,,,,,,,,,,,,,,,,,,,,,,,,,,,,,,,,,,,,,,,,,,,,,,,,,,,,,,,,,,,,,,,,,,,,,,,,,,,,,,,,,,,,,,,,,,,,,,,,,,,,,,,,,,,,,,,,,,,,,,,,,,,,,,,,,,,,,,,,,,,,,,,,,,,,,,,,,,,,,,,,,,,,,,,,,,,,,,,,,,,,,,,,,,,,,,,,,,,,,,,,,,,,,,,,,,,,,,,,,,,,,,,,,,,,,,,,,,,,,,,,,,,,,,,,,,,,,,,,,,,,,,,,,,,,,,,,,,,,,,,,,,,,,,,,,,,,,,,,,,,,,,,,,,,,,,,,,,,,,,,,,,,,,,,,,,,,,,,,,,,,,,,,,,,,,,,,,,,,,,,,,,,,,,,,,,,,,,,,,,,,,,,,,,,,,,,,,,,,,,,,,,,,,,,,,,,,,,,,,,,,,,,,,,,,,,,,,,,,,,,,,,,,,,,,,
Ferriss,in prep,87.7,bulk H,800,0.0001,Ni-NiO-2.6,-16.5,dehydration,SC1-2,b,3,[Ti],-12.6,0.4,0,no,polarized FTIR E ,,,,,,,,,,,,,,,,,,,,,,,,,,,,,,,,,,,,,,,,,,,,,,,,,,,,,,,,,,,,,,,,,,,,,,,,,,,,,,,,,,,,,,,,,,,,,,,,,,,,,,,,,,,,,,,,,,,,,,,,,,,,,,,,,,,,,,,,,,,,,,,,,,,,,,,,,,,,,,,,,,,,,,,,,,,,,,,,,,,,,,,,,,,,,,,,,,,,,,,,,,,,,,,,,,,,,,,,,,,,,,,,,,,,,,,,,,,,,,,,,,,,,,,,,,,,,,,,,,,,,,,,,,,,,,,,,,,,,,,,,,,,,,,,,,,,,,,,,,,,,,,,,,,,,,,,,,,,,,,,,,,,,,,,,,,,,,,,,,,,,,,,,,,,,,,,,,,,,,,,,,,,,,,,,,,,,,,,,,,,,,,,,,,,,,,,,,,,,,,,,,,,,,,,,,,,,,,,,,,,,,,,,,,,,,,,,,,,,,,,,,,,,,,,,,,,,,,,,,,,,,,,,,,,,,,,,,,,,,,,,,,,,,,,,,,,,,,,,,,,,,,,,,,,,,,,,,,,,,,,,,,,,,,,,,,,,,,,,,,,,,,,,,,,,,,,,,,,,,,,,,,,,,,,,,,,,,,,,,,,,,,,,,,,,,,,,,,,,,,,,,,,,,,,,,,,,,,,,,,,,,,,,,,,,,,,,,,,,,,,,,,,,,,,,,,,,,,,,,,,,,,,,,,,,,,,,,,,,,,,,,,,,,,,,,,,,,,,,,,,,,,,,,,,,,,,,,,,,,,,,,,,,,,,,,,,,,,,,,,,,,,,,,,,,,,,,,,,,,,,,,,,,,,,,,,,,,,,,,,,,,,,,,,,,,,,,,,,,,,,,,,,,,,,,,,,,,,,,,,,,,,,,,,,,,,,,,,,,,,,,,,,,,,,,,,,,,,,,,,,,,,,,,,,,,,,,,,,,,,,,,,,,,,,,,,,,,,,,,,,,,,,,,,,,,,,,,,,,,,,,,,,,,,,,,,,,,,,,,,,,,,,,,,,,,,,,,,,,,,,,,,,,,,,,,,,,,,,,,,,,,,,,,,,,,,,,,,,,,,,,,,,,,
Ferriss,in prep,87.7,bulk H,800,0.0001,Ni-NiO-2.6,-16.5,dehydration,SC1-2,c,3,[Ti],-12.2,0.4,0,no,polarized FTIR E ,,,,,,,,,,,,,,,,,,,,,,,,,,,,,,,,,,,,,,,,,,,,,,,,,,,,,,,,,,,,,,,,,,,,,,,,,,,,,,,,,,,,,,,,,,,,,,,,,,,,,,,,,,,,,,,,,,,,,,,,,,,,,,,,,,,,,,,,,,,,,,,,,,,,,,,,,,,,,,,,,,,,,,,,,,,,,,,,,,,,,,,,,,,,,,,,,,,,,,,,,,,,,,,,,,,,,,,,,,,,,,,,,,,,,,,,,,,,,,,,,,,,,,,,,,,,,,,,,,,,,,,,,,,,,,,,,,,,,,,,,,,,,,,,,,,,,,,,,,,,,,,,,,,,,,,,,,,,,,,,,,,,,,,,,,,,,,,,,,,,,,,,,,,,,,,,,,,,,,,,,,,,,,,,,,,,,,,,,,,,,,,,,,,,,,,,,,,,,,,,,,,,,,,,,,,,,,,,,,,,,,,,,,,,,,,,,,,,,,,,,,,,,,,,,,,,,,,,,,,,,,,,,,,,,,,,,,,,,,,,,,,,,,,,,,,,,,,,,,,,,,,,,,,,,,,,,,,,,,,,,,,,,,,,,,,,,,,,,,,,,,,,,,,,,,,,,,,,,,,,,,,,,,,,,,,,,,,,,,,,,,,,,,,,,,,,,,,,,,,,,,,,,,,,,,,,,,,,,,,,,,,,,,,,,,,,,,,,,,,,,,,,,,,,,,,,,,,,,,,,,,,,,,,,,,,,,,,,,,,,,,,,,,,,,,,,,,,,,,,,,,,,,,,,,,,,,,,,,,,,,,,,,,,,,,,,,,,,,,,,,,,,,,,,,,,,,,,,,,,,,,,,,,,,,,,,,,,,,,,,,,,,,,,,,,,,,,,,,,,,,,,,,,,,,,,,,,,,,,,,,,,,,,,,,,,,,,,,,,,,,,,,,,,,,,,,,,,,,,,,,,,,,,,,,,,,,,,,,,,,,,,,,,,,,,,,,,,,,,,,,,,,,,,,,,,,,,,,,,,,,,,,,,,,,,,,,,,,,,,,,,,,,,,,,,,,,,,,,,,,,,,,,,,,,,,,,,,,,,,,,,,,,,,,,,,,,,,,,,,,,,,,,,
Ferriss,in prep,87.7,bulk H,800,0.0001,Ni-NiO-2.6,-16.5,dehydration,SC1-2,a,7,[Ti],-10.9,0.3,0,no,polarized FTIR E ,,,,,,,,,,,,,,,,,,,,,,,,,,,,,,,,,,,,,,,,,,,,,,,,,,,,,,,,,,,,,,,,,,,,,,,,,,,,,,,,,,,,,,,,,,,,,,,,,,,,,,,,,,,,,,,,,,,,,,,,,,,,,,,,,,,,,,,,,,,,,,,,,,,,,,,,,,,,,,,,,,,,,,,,,,,,,,,,,,,,,,,,,,,,,,,,,,,,,,,,,,,,,,,,,,,,,,,,,,,,,,,,,,,,,,,,,,,,,,,,,,,,,,,,,,,,,,,,,,,,,,,,,,,,,,,,,,,,,,,,,,,,,,,,,,,,,,,,,,,,,,,,,,,,,,,,,,,,,,,,,,,,,,,,,,,,,,,,,,,,,,,,,,,,,,,,,,,,,,,,,,,,,,,,,,,,,,,,,,,,,,,,,,,,,,,,,,,,,,,,,,,,,,,,,,,,,,,,,,,,,,,,,,,,,,,,,,,,,,,,,,,,,,,,,,,,,,,,,,,,,,,,,,,,,,,,,,,,,,,,,,,,,,,,,,,,,,,,,,,,,,,,,,,,,,,,,,,,,,,,,,,,,,,,,,,,,,,,,,,,,,,,,,,,,,,,,,,,,,,,,,,,,,,,,,,,,,,,,,,,,,,,,,,,,,,,,,,,,,,,,,,,,,,,,,,,,,,,,,,,,,,,,,,,,,,,,,,,,,,,,,,,,,,,,,,,,,,,,,,,,,,,,,,,,,,,,,,,,,,,,,,,,,,,,,,,,,,,,,,,,,,,,,,,,,,,,,,,,,,,,,,,,,,,,,,,,,,,,,,,,,,,,,,,,,,,,,,,,,,,,,,,,,,,,,,,,,,,,,,,,,,,,,,,,,,,,,,,,,,,,,,,,,,,,,,,,,,,,,,,,,,,,,,,,,,,,,,,,,,,,,,,,,,,,,,,,,,,,,,,,,,,,,,,,,,,,,,,,,,,,,,,,,,,,,,,,,,,,,,,,,,,,,,,,,,,,,,,,,,,,,,,,,,,,,,,,,,,,,,,,,,,,,,,,,,,,,,,,,,,,,,,,,,,,,,,,,,,,,,,,,,,,,,,,,,,,,,,,,,,,,,,,,
Ferriss,in prep,87.7,bulk H,800,0.0001,Ni-NiO-2.6,-16.5,dehydration,SC1-2,b,7,[Ti],-12.6,0.3,0,no,polarized FTIR E ,,,,,,,,,,,,,,,,,,,,,,,,,,,,,,,,,,,,,,,,,,,,,,,,,,,,,,,,,,,,,,,,,,,,,,,,,,,,,,,,,,,,,,,,,,,,,,,,,,,,,,,,,,,,,,,,,,,,,,,,,,,,,,,,,,,,,,,,,,,,,,,,,,,,,,,,,,,,,,,,,,,,,,,,,,,,,,,,,,,,,,,,,,,,,,,,,,,,,,,,,,,,,,,,,,,,,,,,,,,,,,,,,,,,,,,,,,,,,,,,,,,,,,,,,,,,,,,,,,,,,,,,,,,,,,,,,,,,,,,,,,,,,,,,,,,,,,,,,,,,,,,,,,,,,,,,,,,,,,,,,,,,,,,,,,,,,,,,,,,,,,,,,,,,,,,,,,,,,,,,,,,,,,,,,,,,,,,,,,,,,,,,,,,,,,,,,,,,,,,,,,,,,,,,,,,,,,,,,,,,,,,,,,,,,,,,,,,,,,,,,,,,,,,,,,,,,,,,,,,,,,,,,,,,,,,,,,,,,,,,,,,,,,,,,,,,,,,,,,,,,,,,,,,,,,,,,,,,,,,,,,,,,,,,,,,,,,,,,,,,,,,,,,,,,,,,,,,,,,,,,,,,,,,,,,,,,,,,,,,,,,,,,,,,,,,,,,,,,,,,,,,,,,,,,,,,,,,,,,,,,,,,,,,,,,,,,,,,,,,,,,,,,,,,,,,,,,,,,,,,,,,,,,,,,,,,,,,,,,,,,,,,,,,,,,,,,,,,,,,,,,,,,,,,,,,,,,,,,,,,,,,,,,,,,,,,,,,,,,,,,,,,,,,,,,,,,,,,,,,,,,,,,,,,,,,,,,,,,,,,,,,,,,,,,,,,,,,,,,,,,,,,,,,,,,,,,,,,,,,,,,,,,,,,,,,,,,,,,,,,,,,,,,,,,,,,,,,,,,,,,,,,,,,,,,,,,,,,,,,,,,,,,,,,,,,,,,,,,,,,,,,,,,,,,,,,,,,,,,,,,,,,,,,,,,,,,,,,,,,,,,,,,,,,,,,,,,,,,,,,,,,,,,,,,,,,,,,,,,,,,,,,,,,,,,,,,,,,,,,,,,,,,,
Ferriss,in prep,87.7,bulk H,800,0.0001,Ni-NiO-2.6,-16.5,dehydration,SC1-2,c,7,[Ti],-12.2,0.3,0,no,polarized FTIR E ,,,,,,,,,,,,,,,,,,,,,,,,,,,,,,,,,,,,,,,,,,,,,,,,,,,,,,,,,,,,,,,,,,,,,,,,,,,,,,,,,,,,,,,,,,,,,,,,,,,,,,,,,,,,,,,,,,,,,,,,,,,,,,,,,,,,,,,,,,,,,,,,,,,,,,,,,,,,,,,,,,,,,,,,,,,,,,,,,,,,,,,,,,,,,,,,,,,,,,,,,,,,,,,,,,,,,,,,,,,,,,,,,,,,,,,,,,,,,,,,,,,,,,,,,,,,,,,,,,,,,,,,,,,,,,,,,,,,,,,,,,,,,,,,,,,,,,,,,,,,,,,,,,,,,,,,,,,,,,,,,,,,,,,,,,,,,,,,,,,,,,,,,,,,,,,,,,,,,,,,,,,,,,,,,,,,,,,,,,,,,,,,,,,,,,,,,,,,,,,,,,,,,,,,,,,,,,,,,,,,,,,,,,,,,,,,,,,,,,,,,,,,,,,,,,,,,,,,,,,,,,,,,,,,,,,,,,,,,,,,,,,,,,,,,,,,,,,,,,,,,,,,,,,,,,,,,,,,,,,,,,,,,,,,,,,,,,,,,,,,,,,,,,,,,,,,,,,,,,,,,,,,,,,,,,,,,,,,,,,,,,,,,,,,,,,,,,,,,,,,,,,,,,,,,,,,,,,,,,,,,,,,,,,,,,,,,,,,,,,,,,,,,,,,,,,,,,,,,,,,,,,,,,,,,,,,,,,,,,,,,,,,,,,,,,,,,,,,,,,,,,,,,,,,,,,,,,,,,,,,,,,,,,,,,,,,,,,,,,,,,,,,,,,,,,,,,,,,,,,,,,,,,,,,,,,,,,,,,,,,,,,,,,,,,,,,,,,,,,,,,,,,,,,,,,,,,,,,,,,,,,,,,,,,,,,,,,,,,,,,,,,,,,,,,,,,,,,,,,,,,,,,,,,,,,,,,,,,,,,,,,,,,,,,,,,,,,,,,,,,,,,,,,,,,,,,,,,,,,,,,,,,,,,,,,,,,,,,,,,,,,,,,,,,,,,,,,,,,,,,,,,,,,,,,,,,,,,,,,,,,,,,,,,,,,,,,,,,,,,,,,,,,,
Ferriss,in prep,87.7,bulk H,800,0.0001,Ni-NiO-2.6,-16.5,dehydration,SC1-2,a,13,[Ti],-11,0.2,10,no,polarized FTIR E ,,,,,,,,,,,,,,,,,,,,,,,,,,,,,,,,,,,,,,,,,,,,,,,,,,,,,,,,,,,,,,,,,,,,,,,,,,,,,,,,,,,,,,,,,,,,,,,,,,,,,,,,,,,,,,,,,,,,,,,,,,,,,,,,,,,,,,,,,,,,,,,,,,,,,,,,,,,,,,,,,,,,,,,,,,,,,,,,,,,,,,,,,,,,,,,,,,,,,,,,,,,,,,,,,,,,,,,,,,,,,,,,,,,,,,,,,,,,,,,,,,,,,,,,,,,,,,,,,,,,,,,,,,,,,,,,,,,,,,,,,,,,,,,,,,,,,,,,,,,,,,,,,,,,,,,,,,,,,,,,,,,,,,,,,,,,,,,,,,,,,,,,,,,,,,,,,,,,,,,,,,,,,,,,,,,,,,,,,,,,,,,,,,,,,,,,,,,,,,,,,,,,,,,,,,,,,,,,,,,,,,,,,,,,,,,,,,,,,,,,,,,,,,,,,,,,,,,,,,,,,,,,,,,,,,,,,,,,,,,,,,,,,,,,,,,,,,,,,,,,,,,,,,,,,,,,,,,,,,,,,,,,,,,,,,,,,,,,,,,,,,,,,,,,,,,,,,,,,,,,,,,,,,,,,,,,,,,,,,,,,,,,,,,,,,,,,,,,,,,,,,,,,,,,,,,,,,,,,,,,,,,,,,,,,,,,,,,,,,,,,,,,,,,,,,,,,,,,,,,,,,,,,,,,,,,,,,,,,,,,,,,,,,,,,,,,,,,,,,,,,,,,,,,,,,,,,,,,,,,,,,,,,,,,,,,,,,,,,,,,,,,,,,,,,,,,,,,,,,,,,,,,,,,,,,,,,,,,,,,,,,,,,,,,,,,,,,,,,,,,,,,,,,,,,,,,,,,,,,,,,,,,,,,,,,,,,,,,,,,,,,,,,,,,,,,,,,,,,,,,,,,,,,,,,,,,,,,,,,,,,,,,,,,,,,,,,,,,,,,,,,,,,,,,,,,,,,,,,,,,,,,,,,,,,,,,,,,,,,,,,,,,,,,,,,,,,,,,,,,,,,,,,,,,,,,,,,,,,,,,,,,,,,,,,,,,,,,,,,,,,,,,,,
Ferriss,in prep,87.7,bulk H,800,0.0001,Ni-NiO-2.6,-16.5,dehydration,SC1-2,b,13,[Ti],-12.6,0.2,10,no,polarized FTIR E ,,,,,,,,,,,,,,,,,,,,,,,,,,,,,,,,,,,,,,,,,,,,,,,,,,,,,,,,,,,,,,,,,,,,,,,,,,,,,,,,,,,,,,,,,,,,,,,,,,,,,,,,,,,,,,,,,,,,,,,,,,,,,,,,,,,,,,,,,,,,,,,,,,,,,,,,,,,,,,,,,,,,,,,,,,,,,,,,,,,,,,,,,,,,,,,,,,,,,,,,,,,,,,,,,,,,,,,,,,,,,,,,,,,,,,,,,,,,,,,,,,,,,,,,,,,,,,,,,,,,,,,,,,,,,,,,,,,,,,,,,,,,,,,,,,,,,,,,,,,,,,,,,,,,,,,,,,,,,,,,,,,,,,,,,,,,,,,,,,,,,,,,,,,,,,,,,,,,,,,,,,,,,,,,,,,,,,,,,,,,,,,,,,,,,,,,,,,,,,,,,,,,,,,,,,,,,,,,,,,,,,,,,,,,,,,,,,,,,,,,,,,,,,,,,,,,,,,,,,,,,,,,,,,,,,,,,,,,,,,,,,,,,,,,,,,,,,,,,,,,,,,,,,,,,,,,,,,,,,,,,,,,,,,,,,,,,,,,,,,,,,,,,,,,,,,,,,,,,,,,,,,,,,,,,,,,,,,,,,,,,,,,,,,,,,,,,,,,,,,,,,,,,,,,,,,,,,,,,,,,,,,,,,,,,,,,,,,,,,,,,,,,,,,,,,,,,,,,,,,,,,,,,,,,,,,,,,,,,,,,,,,,,,,,,,,,,,,,,,,,,,,,,,,,,,,,,,,,,,,,,,,,,,,,,,,,,,,,,,,,,,,,,,,,,,,,,,,,,,,,,,,,,,,,,,,,,,,,,,,,,,,,,,,,,,,,,,,,,,,,,,,,,,,,,,,,,,,,,,,,,,,,,,,,,,,,,,,,,,,,,,,,,,,,,,,,,,,,,,,,,,,,,,,,,,,,,,,,,,,,,,,,,,,,,,,,,,,,,,,,,,,,,,,,,,,,,,,,,,,,,,,,,,,,,,,,,,,,,,,,,,,,,,,,,,,,,,,,,,,,,,,,,,,,,,,,,,,,,,,,,,,,,,,,,,,,,,,,,,,,,,,,,,
Ferriss,in prep,87.7,bulk H,800,0.0001,Ni-NiO-2.6,-16.5,dehydration,SC1-2,c,13,[Ti],-12.3,0.2,10,no,polarized FTIR E ,,,,,,,,,,,,,,,,,,,,,,,,,,,,,,,,,,,,,,,,,,,,,,,,,,,,,,,,,,,,,,,,,,,,,,,,,,,,,,,,,,,,,,,,,,,,,,,,,,,,,,,,,,,,,,,,,,,,,,,,,,,,,,,,,,,,,,,,,,,,,,,,,,,,,,,,,,,,,,,,,,,,,,,,,,,,,,,,,,,,,,,,,,,,,,,,,,,,,,,,,,,,,,,,,,,,,,,,,,,,,,,,,,,,,,,,,,,,,,,,,,,,,,,,,,,,,,,,,,,,,,,,,,,,,,,,,,,,,,,,,,,,,,,,,,,,,,,,,,,,,,,,,,,,,,,,,,,,,,,,,,,,,,,,,,,,,,,,,,,,,,,,,,,,,,,,,,,,,,,,,,,,,,,,,,,,,,,,,,,,,,,,,,,,,,,,,,,,,,,,,,,,,,,,,,,,,,,,,,,,,,,,,,,,,,,,,,,,,,,,,,,,,,,,,,,,,,,,,,,,,,,,,,,,,,,,,,,,,,,,,,,,,,,,,,,,,,,,,,,,,,,,,,,,,,,,,,,,,,,,,,,,,,,,,,,,,,,,,,,,,,,,,,,,,,,,,,,,,,,,,,,,,,,,,,,,,,,,,,,,,,,,,,,,,,,,,,,,,,,,,,,,,,,,,,,,,,,,,,,,,,,,,,,,,,,,,,,,,,,,,,,,,,,,,,,,,,,,,,,,,,,,,,,,,,,,,,,,,,,,,,,,,,,,,,,,,,,,,,,,,,,,,,,,,,,,,,,,,,,,,,,,,,,,,,,,,,,,,,,,,,,,,,,,,,,,,,,,,,,,,,,,,,,,,,,,,,,,,,,,,,,,,,,,,,,,,,,,,,,,,,,,,,,,,,,,,,,,,,,,,,,,,,,,,,,,,,,,,,,,,,,,,,,,,,,,,,,,,,,,,,,,,,,,,,,,,,,,,,,,,,,,,,,,,,,,,,,,,,,,,,,,,,,,,,,,,,,,,,,,,,,,,,,,,,,,,,,,,,,,,,,,,,,,,,,,,,,,,,,,,,,,,,,,,,,,,,,,,,,,,,,,,,,,,,,,,,,,,,,,,,,,,,
Ferriss,in prep,87.7,bulk H,800,0.0001,Ni-NiO-2.6,-16.5,dehydration,SC1-2,a,19,[Ti],-11.1,0.2,30,no,polarized FTIR E ,,,,,,,,,,,,,,,,,,,,,,,,,,,,,,,,,,,,,,,,,,,,,,,,,,,,,,,,,,,,,,,,,,,,,,,,,,,,,,,,,,,,,,,,,,,,,,,,,,,,,,,,,,,,,,,,,,,,,,,,,,,,,,,,,,,,,,,,,,,,,,,,,,,,,,,,,,,,,,,,,,,,,,,,,,,,,,,,,,,,,,,,,,,,,,,,,,,,,,,,,,,,,,,,,,,,,,,,,,,,,,,,,,,,,,,,,,,,,,,,,,,,,,,,,,,,,,,,,,,,,,,,,,,,,,,,,,,,,,,,,,,,,,,,,,,,,,,,,,,,,,,,,,,,,,,,,,,,,,,,,,,,,,,,,,,,,,,,,,,,,,,,,,,,,,,,,,,,,,,,,,,,,,,,,,,,,,,,,,,,,,,,,,,,,,,,,,,,,,,,,,,,,,,,,,,,,,,,,,,,,,,,,,,,,,,,,,,,,,,,,,,,,,,,,,,,,,,,,,,,,,,,,,,,,,,,,,,,,,,,,,,,,,,,,,,,,,,,,,,,,,,,,,,,,,,,,,,,,,,,,,,,,,,,,,,,,,,,,,,,,,,,,,,,,,,,,,,,,,,,,,,,,,,,,,,,,,,,,,,,,,,,,,,,,,,,,,,,,,,,,,,,,,,,,,,,,,,,,,,,,,,,,,,,,,,,,,,,,,,,,,,,,,,,,,,,,,,,,,,,,,,,,,,,,,,,,,,,,,,,,,,,,,,,,,,,,,,,,,,,,,,,,,,,,,,,,,,,,,,,,,,,,,,,,,,,,,,,,,,,,,,,,,,,,,,,,,,,,,,,,,,,,,,,,,,,,,,,,,,,,,,,,,,,,,,,,,,,,,,,,,,,,,,,,,,,,,,,,,,,,,,,,,,,,,,,,,,,,,,,,,,,,,,,,,,,,,,,,,,,,,,,,,,,,,,,,,,,,,,,,,,,,,,,,,,,,,,,,,,,,,,,,,,,,,,,,,,,,,,,,,,,,,,,,,,,,,,,,,,,,,,,,,,,,,,,,,,,,,,,,,,,,,,,,,,,,,,,,,,,,,,,,,,,,,,,,,,,,,,,,,,,,,
Ferriss,in prep,87.7,bulk H,800,0.0001,Ni-NiO-2.6,-16.5,dehydration,SC1-2,b,19,[Ti],-12.7,0.2,30,no,polarized FTIR E ,,,,,,,,,,,,,,,,,,,,,,,,,,,,,,,,,,,,,,,,,,,,,,,,,,,,,,,,,,,,,,,,,,,,,,,,,,,,,,,,,,,,,,,,,,,,,,,,,,,,,,,,,,,,,,,,,,,,,,,,,,,,,,,,,,,,,,,,,,,,,,,,,,,,,,,,,,,,,,,,,,,,,,,,,,,,,,,,,,,,,,,,,,,,,,,,,,,,,,,,,,,,,,,,,,,,,,,,,,,,,,,,,,,,,,,,,,,,,,,,,,,,,,,,,,,,,,,,,,,,,,,,,,,,,,,,,,,,,,,,,,,,,,,,,,,,,,,,,,,,,,,,,,,,,,,,,,,,,,,,,,,,,,,,,,,,,,,,,,,,,,,,,,,,,,,,,,,,,,,,,,,,,,,,,,,,,,,,,,,,,,,,,,,,,,,,,,,,,,,,,,,,,,,,,,,,,,,,,,,,,,,,,,,,,,,,,,,,,,,,,,,,,,,,,,,,,,,,,,,,,,,,,,,,,,,,,,,,,,,,,,,,,,,,,,,,,,,,,,,,,,,,,,,,,,,,,,,,,,,,,,,,,,,,,,,,,,,,,,,,,,,,,,,,,,,,,,,,,,,,,,,,,,,,,,,,,,,,,,,,,,,,,,,,,,,,,,,,,,,,,,,,,,,,,,,,,,,,,,,,,,,,,,,,,,,,,,,,,,,,,,,,,,,,,,,,,,,,,,,,,,,,,,,,,,,,,,,,,,,,,,,,,,,,,,,,,,,,,,,,,,,,,,,,,,,,,,,,,,,,,,,,,,,,,,,,,,,,,,,,,,,,,,,,,,,,,,,,,,,,,,,,,,,,,,,,,,,,,,,,,,,,,,,,,,,,,,,,,,,,,,,,,,,,,,,,,,,,,,,,,,,,,,,,,,,,,,,,,,,,,,,,,,,,,,,,,,,,,,,,,,,,,,,,,,,,,,,,,,,,,,,,,,,,,,,,,,,,,,,,,,,,,,,,,,,,,,,,,,,,,,,,,,,,,,,,,,,,,,,,,,,,,,,,,,,,,,,,,,,,,,,,,,,,,,,,,,,,,,,,,,,,,,,,,,,,,,,,,,,,,,,,,,
Ferriss,in prep,87.7,bulk H,800,0.0001,Ni-NiO-2.6,-16.5,dehydration,SC1-2,c,19,[Ti],-12.4,0.2,30,no,polarized FTIR E ,,,,,,,,,,,,,,,,,,,,,,,,,,,,,,,,,,,,,,,,,,,,,,,,,,,,,,,,,,,,,,,,,,,,,,,,,,,,,,,,,,,,,,,,,,,,,,,,,,,,,,,,,,,,,,,,,,,,,,,,,,,,,,,,,,,,,,,,,,,,,,,,,,,,,,,,,,,,,,,,,,,,,,,,,,,,,,,,,,,,,,,,,,,,,,,,,,,,,,,,,,,,,,,,,,,,,,,,,,,,,,,,,,,,,,,,,,,,,,,,,,,,,,,,,,,,,,,,,,,,,,,,,,,,,,,,,,,,,,,,,,,,,,,,,,,,,,,,,,,,,,,,,,,,,,,,,,,,,,,,,,,,,,,,,,,,,,,,,,,,,,,,,,,,,,,,,,,,,,,,,,,,,,,,,,,,,,,,,,,,,,,,,,,,,,,,,,,,,,,,,,,,,,,,,,,,,,,,,,,,,,,,,,,,,,,,,,,,,,,,,,,,,,,,,,,,,,,,,,,,,,,,,,,,,,,,,,,,,,,,,,,,,,,,,,,,,,,,,,,,,,,,,,,,,,,,,,,,,,,,,,,,,,,,,,,,,,,,,,,,,,,,,,,,,,,,,,,,,,,,,,,,,,,,,,,,,,,,,,,,,,,,,,,,,,,,,,,,,,,,,,,,,,,,,,,,,,,,,,,,,,,,,,,,,,,,,,,,,,,,,,,,,,,,,,,,,,,,,,,,,,,,,,,,,,,,,,,,,,,,,,,,,,,,,,,,,,,,,,,,,,,,,,,,,,,,,,,,,,,,,,,,,,,,,,,,,,,,,,,,,,,,,,,,,,,,,,,,,,,,,,,,,,,,,,,,,,,,,,,,,,,,,,,,,,,,,,,,,,,,,,,,,,,,,,,,,,,,,,,,,,,,,,,,,,,,,,,,,,,,,,,,,,,,,,,,,,,,,,,,,,,,,,,,,,,,,,,,,,,,,,,,,,,,,,,,,,,,,,,,,,,,,,,,,,,,,,,,,,,,,,,,,,,,,,,,,,,,,,,,,,,,,,,,,,,,,,,,,,,,,,,,,,,,,,,,,,,,,,,,,,,,,,,,,,,,,,,,,,,,,,,,,,
Ferriss,in prep,87.7,bulk H,800,0.0001,Ni-NiO-2.6,-16.5,dehydration,SC1-2,a,43,[Ti],-11.3,0.2,60,no,polarized FTIR E ,,,,,,,,,,,,,,,,,,,,,,,,,,,,,,,,,,,,,,,,,,,,,,,,,,,,,,,,,,,,,,,,,,,,,,,,,,,,,,,,,,,,,,,,,,,,,,,,,,,,,,,,,,,,,,,,,,,,,,,,,,,,,,,,,,,,,,,,,,,,,,,,,,,,,,,,,,,,,,,,,,,,,,,,,,,,,,,,,,,,,,,,,,,,,,,,,,,,,,,,,,,,,,,,,,,,,,,,,,,,,,,,,,,,,,,,,,,,,,,,,,,,,,,,,,,,,,,,,,,,,,,,,,,,,,,,,,,,,,,,,,,,,,,,,,,,,,,,,,,,,,,,,,,,,,,,,,,,,,,,,,,,,,,,,,,,,,,,,,,,,,,,,,,,,,,,,,,,,,,,,,,,,,,,,,,,,,,,,,,,,,,,,,,,,,,,,,,,,,,,,,,,,,,,,,,,,,,,,,,,,,,,,,,,,,,,,,,,,,,,,,,,,,,,,,,,,,,,,,,,,,,,,,,,,,,,,,,,,,,,,,,,,,,,,,,,,,,,,,,,,,,,,,,,,,,,,,,,,,,,,,,,,,,,,,,,,,,,,,,,,,,,,,,,,,,,,,,,,,,,,,,,,,,,,,,,,,,,,,,,,,,,,,,,,,,,,,,,,,,,,,,,,,,,,,,,,,,,,,,,,,,,,,,,,,,,,,,,,,,,,,,,,,,,,,,,,,,,,,,,,,,,,,,,,,,,,,,,,,,,,,,,,,,,,,,,,,,,,,,,,,,,,,,,,,,,,,,,,,,,,,,,,,,,,,,,,,,,,,,,,,,,,,,,,,,,,,,,,,,,,,,,,,,,,,,,,,,,,,,,,,,,,,,,,,,,,,,,,,,,,,,,,,,,,,,,,,,,,,,,,,,,,,,,,,,,,,,,,,,,,,,,,,,,,,,,,,,,,,,,,,,,,,,,,,,,,,,,,,,,,,,,,,,,,,,,,,,,,,,,,,,,,,,,,,,,,,,,,,,,,,,,,,,,,,,,,,,,,,,,,,,,,,,,,,,,,,,,,,,,,,,,,,,,,,,,,,,,,,,,,,,,,,,,,,,,,,,,,,,,,,,,,,
Ferriss,in prep,87.7,bulk H,800,0.0001,Ni-NiO-2.6,-16.5,dehydration,SC1-2,b,43,[Ti],-13,0.2,60,no,polarized FTIR E ,,,,,,,,,,,,,,,,,,,,,,,,,,,,,,,,,,,,,,,,,,,,,,,,,,,,,,,,,,,,,,,,,,,,,,,,,,,,,,,,,,,,,,,,,,,,,,,,,,,,,,,,,,,,,,,,,,,,,,,,,,,,,,,,,,,,,,,,,,,,,,,,,,,,,,,,,,,,,,,,,,,,,,,,,,,,,,,,,,,,,,,,,,,,,,,,,,,,,,,,,,,,,,,,,,,,,,,,,,,,,,,,,,,,,,,,,,,,,,,,,,,,,,,,,,,,,,,,,,,,,,,,,,,,,,,,,,,,,,,,,,,,,,,,,,,,,,,,,,,,,,,,,,,,,,,,,,,,,,,,,,,,,,,,,,,,,,,,,,,,,,,,,,,,,,,,,,,,,,,,,,,,,,,,,,,,,,,,,,,,,,,,,,,,,,,,,,,,,,,,,,,,,,,,,,,,,,,,,,,,,,,,,,,,,,,,,,,,,,,,,,,,,,,,,,,,,,,,,,,,,,,,,,,,,,,,,,,,,,,,,,,,,,,,,,,,,,,,,,,,,,,,,,,,,,,,,,,,,,,,,,,,,,,,,,,,,,,,,,,,,,,,,,,,,,,,,,,,,,,,,,,,,,,,,,,,,,,,,,,,,,,,,,,,,,,,,,,,,,,,,,,,,,,,,,,,,,,,,,,,,,,,,,,,,,,,,,,,,,,,,,,,,,,,,,,,,,,,,,,,,,,,,,,,,,,,,,,,,,,,,,,,,,,,,,,,,,,,,,,,,,,,,,,,,,,,,,,,,,,,,,,,,,,,,,,,,,,,,,,,,,,,,,,,,,,,,,,,,,,,,,,,,,,,,,,,,,,,,,,,,,,,,,,,,,,,,,,,,,,,,,,,,,,,,,,,,,,,,,,,,,,,,,,,,,,,,,,,,,,,,,,,,,,,,,,,,,,,,,,,,,,,,,,,,,,,,,,,,,,,,,,,,,,,,,,,,,,,,,,,,,,,,,,,,,,,,,,,,,,,,,,,,,,,,,,,,,,,,,,,,,,,,,,,,,,,,,,,,,,,,,,,,,,,,,,,,,,,,,,,,,,,,,,,,,,,,,,,,,,,,,,,,,
Ferriss,in prep,87.7,bulk H,800,0.0001,Ni-NiO-2.6,-16.5,dehydration,SC1-2,c,43,[Ti],-12.6,0.2,60,no,polarized FTIR E ,,,,,,,,,,,,,,,,,,,,,,,,,,,,,,,,,,,,,,,,,,,,,,,,,,,,,,,,,,,,,,,,,,,,,,,,,,,,,,,,,,,,,,,,,,,,,,,,,,,,,,,,,,,,,,,,,,,,,,,,,,,,,,,,,,,,,,,,,,,,,,,,,,,,,,,,,,,,,,,,,,,,,,,,,,,,,,,,,,,,,,,,,,,,,,,,,,,,,,,,,,,,,,,,,,,,,,,,,,,,,,,,,,,,,,,,,,,,,,,,,,,,,,,,,,,,,,,,,,,,,,,,,,,,,,,,,,,,,,,,,,,,,,,,,,,,,,,,,,,,,,,,,,,,,,,,,,,,,,,,,,,,,,,,,,,,,,,,,,,,,,,,,,,,,,,,,,,,,,,,,,,,,,,,,,,,,,,,,,,,,,,,,,,,,,,,,,,,,,,,,,,,,,,,,,,,,,,,,,,,,,,,,,,,,,,,,,,,,,,,,,,,,,,,,,,,,,,,,,,,,,,,,,,,,,,,,,,,,,,,,,,,,,,,,,,,,,,,,,,,,,,,,,,,,,,,,,,,,,,,,,,,,,,,,,,,,,,,,,,,,,,,,,,,,,,,,,,,,,,,,,,,,,,,,,,,,,,,,,,,,,,,,,,,,,,,,,,,,,,,,,,,,,,,,,,,,,,,,,,,,,,,,,,,,,,,,,,,,,,,,,,,,,,,,,,,,,,,,,,,,,,,,,,,,,,,,,,,,,,,,,,,,,,,,,,,,,,,,,,,,,,,,,,,,,,,,,,,,,,,,,,,,,,,,,,,,,,,,,,,,,,,,,,,,,,,,,,,,,,,,,,,,,,,,,,,,,,,,,,,,,,,,,,,,,,,,,,,,,,,,,,,,,,,,,,,,,,,,,,,,,,,,,,,,,,,,,,,,,,,,,,,,,,,,,,,,,,,,,,,,,,,,,,,,,,,,,,,,,,,,,,,,,,,,,,,,,,,,,,,,,,,,,,,,,,,,,,,,,,,,,,,,,,,,,,,,,,,,,,,,,,,,,,,,,,,,,,,,,,,,,,,,,,,,,,,,,,,,,,,,,,,,,,,,,,,,,,,,,,,,,,,,,
Ferriss,in prep,87.7,bulk H,800,0.0001,Ni-NiO-2.6,-16.5,dehydration,SC1-2,a,68,[Ti],-11.5,0.2,75,no,polarized FTIR E ,,,,,,,,,,,,,,,,,,,,,,,,,,,,,,,,,,,,,,,,,,,,,,,,,,,,,,,,,,,,,,,,,,,,,,,,,,,,,,,,,,,,,,,,,,,,,,,,,,,,,,,,,,,,,,,,,,,,,,,,,,,,,,,,,,,,,,,,,,,,,,,,,,,,,,,,,,,,,,,,,,,,,,,,,,,,,,,,,,,,,,,,,,,,,,,,,,,,,,,,,,,,,,,,,,,,,,,,,,,,,,,,,,,,,,,,,,,,,,,,,,,,,,,,,,,,,,,,,,,,,,,,,,,,,,,,,,,,,,,,,,,,,,,,,,,,,,,,,,,,,,,,,,,,,,,,,,,,,,,,,,,,,,,,,,,,,,,,,,,,,,,,,,,,,,,,,,,,,,,,,,,,,,,,,,,,,,,,,,,,,,,,,,,,,,,,,,,,,,,,,,,,,,,,,,,,,,,,,,,,,,,,,,,,,,,,,,,,,,,,,,,,,,,,,,,,,,,,,,,,,,,,,,,,,,,,,,,,,,,,,,,,,,,,,,,,,,,,,,,,,,,,,,,,,,,,,,,,,,,,,,,,,,,,,,,,,,,,,,,,,,,,,,,,,,,,,,,,,,,,,,,,,,,,,,,,,,,,,,,,,,,,,,,,,,,,,,,,,,,,,,,,,,,,,,,,,,,,,,,,,,,,,,,,,,,,,,,,,,,,,,,,,,,,,,,,,,,,,,,,,,,,,,,,,,,,,,,,,,,,,,,,,,,,,,,,,,,,,,,,,,,,,,,,,,,,,,,,,,,,,,,,,,,,,,,,,,,,,,,,,,,,,,,,,,,,,,,,,,,,,,,,,,,,,,,,,,,,,,,,,,,,,,,,,,,,,,,,,,,,,,,,,,,,,,,,,,,,,,,,,,,,,,,,,,,,,,,,,,,,,,,,,,,,,,,,,,,,,,,,,,,,,,,,,,,,,,,,,,,,,,,,,,,,,,,,,,,,,,,,,,,,,,,,,,,,,,,,,,,,,,,,,,,,,,,,,,,,,,,,,,,,,,,,,,,,,,,,,,,,,,,,,,,,,,,,,,,,,,,,,,,,,,,,,,,,,,,,,,,,,,,,,,
Ferriss,in prep,87.7,bulk H,800,0.0001,Ni-NiO-2.6,-16.5,dehydration,SC1-2,b,68,[Ti],-13.2,0.2,75,no,polarized FTIR E ,,,,,,,,,,,,,,,,,,,,,,,,,,,,,,,,,,,,,,,,,,,,,,,,,,,,,,,,,,,,,,,,,,,,,,,,,,,,,,,,,,,,,,,,,,,,,,,,,,,,,,,,,,,,,,,,,,,,,,,,,,,,,,,,,,,,,,,,,,,,,,,,,,,,,,,,,,,,,,,,,,,,,,,,,,,,,,,,,,,,,,,,,,,,,,,,,,,,,,,,,,,,,,,,,,,,,,,,,,,,,,,,,,,,,,,,,,,,,,,,,,,,,,,,,,,,,,,,,,,,,,,,,,,,,,,,,,,,,,,,,,,,,,,,,,,,,,,,,,,,,,,,,,,,,,,,,,,,,,,,,,,,,,,,,,,,,,,,,,,,,,,,,,,,,,,,,,,,,,,,,,,,,,,,,,,,,,,,,,,,,,,,,,,,,,,,,,,,,,,,,,,,,,,,,,,,,,,,,,,,,,,,,,,,,,,,,,,,,,,,,,,,,,,,,,,,,,,,,,,,,,,,,,,,,,,,,,,,,,,,,,,,,,,,,,,,,,,,,,,,,,,,,,,,,,,,,,,,,,,,,,,,,,,,,,,,,,,,,,,,,,,,,,,,,,,,,,,,,,,,,,,,,,,,,,,,,,,,,,,,,,,,,,,,,,,,,,,,,,,,,,,,,,,,,,,,,,,,,,,,,,,,,,,,,,,,,,,,,,,,,,,,,,,,,,,,,,,,,,,,,,,,,,,,,,,,,,,,,,,,,,,,,,,,,,,,,,,,,,,,,,,,,,,,,,,,,,,,,,,,,,,,,,,,,,,,,,,,,,,,,,,,,,,,,,,,,,,,,,,,,,,,,,,,,,,,,,,,,,,,,,,,,,,,,,,,,,,,,,,,,,,,,,,,,,,,,,,,,,,,,,,,,,,,,,,,,,,,,,,,,,,,,,,,,,,,,,,,,,,,,,,,,,,,,,,,,,,,,,,,,,,,,,,,,,,,,,,,,,,,,,,,,,,,,,,,,,,,,,,,,,,,,,,,,,,,,,,,,,,,,,,,,,,,,,,,,,,,,,,,,,,,,,,,,,,,,,,,,,,,,,,,,,,,,,,,,,,,,,,,,,,,,,
Ferriss,in prep,87.7,bulk H,800,0.0001,Ni-NiO-2.6,-16.5,dehydration,SC1-2,c,68,[Ti],-12.8,0.2,75,no,polarized FTIR E ,,,,,,,,,,,,,,,,,,,,,,,,,,,,,,,,,,,,,,,,,,,,,,,,,,,,,,,,,,,,,,,,,,,,,,,,,,,,,,,,,,,,,,,,,,,,,,,,,,,,,,,,,,,,,,,,,,,,,,,,,,,,,,,,,,,,,,,,,,,,,,,,,,,,,,,,,,,,,,,,,,,,,,,,,,,,,,,,,,,,,,,,,,,,,,,,,,,,,,,,,,,,,,,,,,,,,,,,,,,,,,,,,,,,,,,,,,,,,,,,,,,,,,,,,,,,,,,,,,,,,,,,,,,,,,,,,,,,,,,,,,,,,,,,,,,,,,,,,,,,,,,,,,,,,,,,,,,,,,,,,,,,,,,,,,,,,,,,,,,,,,,,,,,,,,,,,,,,,,,,,,,,,,,,,,,,,,,,,,,,,,,,,,,,,,,,,,,,,,,,,,,,,,,,,,,,,,,,,,,,,,,,,,,,,,,,,,,,,,,,,,,,,,,,,,,,,,,,,,,,,,,,,,,,,,,,,,,,,,,,,,,,,,,,,,,,,,,,,,,,,,,,,,,,,,,,,,,,,,,,,,,,,,,,,,,,,,,,,,,,,,,,,,,,,,,,,,,,,,,,,,,,,,,,,,,,,,,,,,,,,,,,,,,,,,,,,,,,,,,,,,,,,,,,,,,,,,,,,,,,,,,,,,,,,,,,,,,,,,,,,,,,,,,,,,,,,,,,,,,,,,,,,,,,,,,,,,,,,,,,,,,,,,,,,,,,,,,,,,,,,,,,,,,,,,,,,,,,,,,,,,,,,,,,,,,,,,,,,,,,,,,,,,,,,,,,,,,,,,,,,,,,,,,,,,,,,,,,,,,,,,,,,,,,,,,,,,,,,,,,,,,,,,,,,,,,,,,,,,,,,,,,,,,,,,,,,,,,,,,,,,,,,,,,,,,,,,,,,,,,,,,,,,,,,,,,,,,,,,,,,,,,,,,,,,,,,,,,,,,,,,,,,,,,,,,,,,,,,,,,,,,,,,,,,,,,,,,,,,,,,,,,,,,,,,,,,,,,,,,,,,,,,,,,,,,,,,,,,,,,,,,,,,,,,,,,,,,,,,,,,,,,,,
,,,,,,,,,,,,,,,,,,,,,,,,,,,,,,,,,,,,,,,,,,,,,,,,,,,,,,,,,,,,,,,,,,,,,,,,,,,,,,,,,,,,,,,,,,,,,,,,,,,,,,,,,,,,,,,,,,,,,,,,,,,,,,,,,,,,,,,,,,,,,,,,,,,,,,,,,,,,,,,,,,,,,,,,,,,,,,,,,,,,,,,,,,,,,,,,,,,,,,,,,,,,,,,,,,,,,,,,,,,,,,,,,,,,,,,,,,,,,,,,,,,,,,,,,,,,,,,,,,,,,,,,,,,,,,,,,,,,,,,,,,,,,,,,,,,,,,,,,,,,,,,,,,,,,,,,,,,,,,,,,,,,,,,,,,,,,,,,,,,,,,,,,,,,,,,,,,,,,,,,,,,,,,,,,,,,,,,,,,,,,,,,,,,,,,,,,,,,,,,,,,,,,,,,,,,,,,,,,,,,,,,,,,,,,,,,,,,,,,,,,,,,,,,,,,,,,,,,,,,,,,,,,,,,,,,,,,,,,,,,,,,,,,,,,,,,,,,,,,,,,,,,,,,,,,,,,,,,,,,,,,,,,,,,,,,,,,,,,,,,,,,,,,,,,,,,,,,,,,,,,,,,,,,,,,,,,,,,,,,,,,,,,,,,,,,,,,,,,,,,,,,,,,,,,,,,,,,,,,,,,,,,,,,,,,,,,,,,,,,,,,,,,,,,,,,,,,,,,,,,,,,,,,,,,,,,,,,,,,,,,,,,,,,,,,,,,,,,,,,,,,,,,,,,,,,,,,,,,,,,,,,,,,,,,,,,,,,,,,,,,,,,,,,,,,,,,,,,,,,,,,,,,,,,,,,,,,,,,,,,,,,,,,,,,,,,,,,,,,,,,,,,,,,,,,,,,,,,,,,,,,,,,,,,,,,,,,,,,,,,,,,,,,,,,,,,,,,,,,,,,,,,,,,,,,,,,,,,,,,,,,,,,,,,,,,,,,,,,,,,,,,,,,,,,,,,,,,,,,,,,,,,,,,,,,,,,,,,,,,,,,,,,,,,,,,,,,,,,,,,,,,,,,,,,,,,,,,,,,,,,,,,,,,,,,,,,,,,,,,,,,,,,,,,,,,,,,,,,,,,,,,
Ferriss,in prep,87.7,bulk H,800,0.0001,Ni-NiO,-13.9,hydration,SC1-2,a,17.4,[Si],-10.9,,0,maximum,polarized FTIR E ,,,,,,,,,,,,,,,,,,,,,,,,,,,,,,,,,,,,,,,,,,,,,,,,,,,,,,,,,,,,,,,,,,,,,,,,,,,,,,,,,,,,,,,,,,,,,,,,,,,,,,,,,,,,,,,,,,,,,,,,,,,,,,,,,,,,,,,,,,,,,,,,,,,,,,,,,,,,,,,,,,,,,,,,,,,,,,,,,,,,,,,,,,,,,,,,,,,,,,,,,,,,,,,,,,,,,,,,,,,,,,,,,,,,,,,,,,,,,,,,,,,,,,,,,,,,,,,,,,,,,,,,,,,,,,,,,,,,,,,,,,,,,,,,,,,,,,,,,,,,,,,,,,,,,,,,,,,,,,,,,,,,,,,,,,,,,,,,,,,,,,,,,,,,,,,,,,,,,,,,,,,,,,,,,,,,,,,,,,,,,,,,,,,,,,,,,,,,,,,,,,,,,,,,,,,,,,,,,,,,,,,,,,,,,,,,,,,,,,,,,,,,,,,,,,,,,,,,,,,,,,,,,,,,,,,,,,,,,,,,,,,,,,,,,,,,,,,,,,,,,,,,,,,,,,,,,,,,,,,,,,,,,,,,,,,,,,,,,,,,,,,,,,,,,,,,,,,,,,,,,,,,,,,,,,,,,,,,,,,,,,,,,,,,,,,,,,,,,,,,,,,,,,,,,,,,,,,,,,,,,,,,,,,,,,,,,,,,,,,,,,,,,,,,,,,,,,,,,,,,,,,,,,,,,,,,,,,,,,,,,,,,,,,,,,,,,,,,,,,,,,,,,,,,,,,,,,,,,,,,,,,,,,,,,,,,,,,,,,,,,,,,,,,,,,,,,,,,,,,,,,,,,,,,,,,,,,,,,,,,,,,,,,,,,,,,,,,,,,,,,,,,,,,,,,,,,,,,,,,,,,,,,,,,,,,,,,,,,,,,,,,,,,,,,,,,,,,,,,,,,,,,,,,,,,,,,,,,,,,,,,,,,,,,,,,,,,,,,,,,,,,,,,,,,,,,,,,,,,,,,,,,,,,,,,,,,,,,,,,,,,,,,,,,,,,,,,,,,,,,,,,,,,,,,,,,,,,,,,,,,,,,,,,,,,,,,,,,,,,,,,,,,,
Ferriss,in prep,87.7,bulk H,800,0.0001,Ni-NiO,-13.9,hydration,SC1-2,b,17.4,[Si],-12.6,,0,maximum,polarized FTIR E ,,,,,,,,,,,,,,,,,,,,,,,,,,,,,,,,,,,,,,,,,,,,,,,,,,,,,,,,,,,,,,,,,,,,,,,,,,,,,,,,,,,,,,,,,,,,,,,,,,,,,,,,,,,,,,,,,,,,,,,,,,,,,,,,,,,,,,,,,,,,,,,,,,,,,,,,,,,,,,,,,,,,,,,,,,,,,,,,,,,,,,,,,,,,,,,,,,,,,,,,,,,,,,,,,,,,,,,,,,,,,,,,,,,,,,,,,,,,,,,,,,,,,,,,,,,,,,,,,,,,,,,,,,,,,,,,,,,,,,,,,,,,,,,,,,,,,,,,,,,,,,,,,,,,,,,,,,,,,,,,,,,,,,,,,,,,,,,,,,,,,,,,,,,,,,,,,,,,,,,,,,,,,,,,,,,,,,,,,,,,,,,,,,,,,,,,,,,,,,,,,,,,,,,,,,,,,,,,,,,,,,,,,,,,,,,,,,,,,,,,,,,,,,,,,,,,,,,,,,,,,,,,,,,,,,,,,,,,,,,,,,,,,,,,,,,,,,,,,,,,,,,,,,,,,,,,,,,,,,,,,,,,,,,,,,,,,,,,,,,,,,,,,,,,,,,,,,,,,,,,,,,,,,,,,,,,,,,,,,,,,,,,,,,,,,,,,,,,,,,,,,,,,,,,,,,,,,,,,,,,,,,,,,,,,,,,,,,,,,,,,,,,,,,,,,,,,,,,,,,,,,,,,,,,,,,,,,,,,,,,,,,,,,,,,,,,,,,,,,,,,,,,,,,,,,,,,,,,,,,,,,,,,,,,,,,,,,,,,,,,,,,,,,,,,,,,,,,,,,,,,,,,,,,,,,,,,,,,,,,,,,,,,,,,,,,,,,,,,,,,,,,,,,,,,,,,,,,,,,,,,,,,,,,,,,,,,,,,,,,,,,,,,,,,,,,,,,,,,,,,,,,,,,,,,,,,,,,,,,,,,,,,,,,,,,,,,,,,,,,,,,,,,,,,,,,,,,,,,,,,,,,,,,,,,,,,,,,,,,,,,,,,,,,,,,,,,,,,,,,,,,,,,,,,,,,,,,,,,,,,,,,,,,,,,,,,,,,,,,,,,,,,,,
Ferriss,in prep,87.7,bulk H,800,0.0001,Ni-NiO,-13.9,hydration,SC1-2,c,17.4,[Si],-12.2,,0,maximum,polarized FTIR E ,,,,,,,,,,,,,,,,,,,,,,,,,,,,,,,,,,,,,,,,,,,,,,,,,,,,,,,,,,,,,,,,,,,,,,,,,,,,,,,,,,,,,,,,,,,,,,,,,,,,,,,,,,,,,,,,,,,,,,,,,,,,,,,,,,,,,,,,,,,,,,,,,,,,,,,,,,,,,,,,,,,,,,,,,,,,,,,,,,,,,,,,,,,,,,,,,,,,,,,,,,,,,,,,,,,,,,,,,,,,,,,,,,,,,,,,,,,,,,,,,,,,,,,,,,,,,,,,,,,,,,,,,,,,,,,,,,,,,,,,,,,,,,,,,,,,,,,,,,,,,,,,,,,,,,,,,,,,,,,,,,,,,,,,,,,,,,,,,,,,,,,,,,,,,,,,,,,,,,,,,,,,,,,,,,,,,,,,,,,,,,,,,,,,,,,,,,,,,,,,,,,,,,,,,,,,,,,,,,,,,,,,,,,,,,,,,,,,,,,,,,,,,,,,,,,,,,,,,,,,,,,,,,,,,,,,,,,,,,,,,,,,,,,,,,,,,,,,,,,,,,,,,,,,,,,,,,,,,,,,,,,,,,,,,,,,,,,,,,,,,,,,,,,,,,,,,,,,,,,,,,,,,,,,,,,,,,,,,,,,,,,,,,,,,,,,,,,,,,,,,,,,,,,,,,,,,,,,,,,,,,,,,,,,,,,,,,,,,,,,,,,,,,,,,,,,,,,,,,,,,,,,,,,,,,,,,,,,,,,,,,,,,,,,,,,,,,,,,,,,,,,,,,,,,,,,,,,,,,,,,,,,,,,,,,,,,,,,,,,,,,,,,,,,,,,,,,,,,,,,,,,,,,,,,,,,,,,,,,,,,,,,,,,,,,,,,,,,,,,,,,,,,,,,,,,,,,,,,,,,,,,,,,,,,,,,,,,,,,,,,,,,,,,,,,,,,,,,,,,,,,,,,,,,,,,,,,,,,,,,,,,,,,,,,,,,,,,,,,,,,,,,,,,,,,,,,,,,,,,,,,,,,,,,,,,,,,,,,,,,,,,,,,,,,,,,,,,,,,,,,,,,,,,,,,,,,,,,,,,,,,,,,,,,,,,,,,,,,,,,,,,,,,
Ferriss,in prep,87.7,bulk H,800,0.0001,Ni-NiO-2.6,-16.5,dehydration,SC1-2,a,1,[Si],-11.6,1,80,minimum,polarized FTIR E ,,,,,,,,,,,,,,,,,,,,,,,,,,,,,,,,,,,,,,,,,,,,,,,,,,,,,,,,,,,,,,,,,,,,,,,,,,,,,,,,,,,,,,,,,,,,,,,,,,,,,,,,,,,,,,,,,,,,,,,,,,,,,,,,,,,,,,,,,,,,,,,,,,,,,,,,,,,,,,,,,,,,,,,,,,,,,,,,,,,,,,,,,,,,,,,,,,,,,,,,,,,,,,,,,,,,,,,,,,,,,,,,,,,,,,,,,,,,,,,,,,,,,,,,,,,,,,,,,,,,,,,,,,,,,,,,,,,,,,,,,,,,,,,,,,,,,,,,,,,,,,,,,,,,,,,,,,,,,,,,,,,,,,,,,,,,,,,,,,,,,,,,,,,,,,,,,,,,,,,,,,,,,,,,,,,,,,,,,,,,,,,,,,,,,,,,,,,,,,,,,,,,,,,,,,,,,,,,,,,,,,,,,,,,,,,,,,,,,,,,,,,,,,,,,,,,,,,,,,,,,,,,,,,,,,,,,,,,,,,,,,,,,,,,,,,,,,,,,,,,,,,,,,,,,,,,,,,,,,,,,,,,,,,,,,,,,,,,,,,,,,,,,,,,,,,,,,,,,,,,,,,,,,,,,,,,,,,,,,,,,,,,,,,,,,,,,,,,,,,,,,,,,,,,,,,,,,,,,,,,,,,,,,,,,,,,,,,,,,,,,,,,,,,,,,,,,,,,,,,,,,,,,,,,,,,,,,,,,,,,,,,,,,,,,,,,,,,,,,,,,,,,,,,,,,,,,,,,,,,,,,,,,,,,,,,,,,,,,,,,,,,,,,,,,,,,,,,,,,,,,,,,,,,,,,,,,,,,,,,,,,,,,,,,,,,,,,,,,,,,,,,,,,,,,,,,,,,,,,,,,,,,,,,,,,,,,,,,,,,,,,,,,,,,,,,,,,,,,,,,,,,,,,,,,,,,,,,,,,,,,,,,,,,,,,,,,,,,,,,,,,,,,,,,,,,,,,,,,,,,,,,,,,,,,,,,,,,,,,,,,,,,,,,,,,,,,,,,,,,,,,,,,,,,,,,,,,,,,,,,,,,,,,,,,,,,,,,,,,,,,,,,,,
Ferriss,in prep,87.7,bulk H,800,0.0001,Ni-NiO-2.6,-16.5,dehydration,SC1-2,b,1,[Si],-13.2,1,80,minimum,polarized FTIR E ,,,,,,,,,,,,,,,,,,,,,,,,,,,,,,,,,,,,,,,,,,,,,,,,,,,,,,,,,,,,,,,,,,,,,,,,,,,,,,,,,,,,,,,,,,,,,,,,,,,,,,,,,,,,,,,,,,,,,,,,,,,,,,,,,,,,,,,,,,,,,,,,,,,,,,,,,,,,,,,,,,,,,,,,,,,,,,,,,,,,,,,,,,,,,,,,,,,,,,,,,,,,,,,,,,,,,,,,,,,,,,,,,,,,,,,,,,,,,,,,,,,,,,,,,,,,,,,,,,,,,,,,,,,,,,,,,,,,,,,,,,,,,,,,,,,,,,,,,,,,,,,,,,,,,,,,,,,,,,,,,,,,,,,,,,,,,,,,,,,,,,,,,,,,,,,,,,,,,,,,,,,,,,,,,,,,,,,,,,,,,,,,,,,,,,,,,,,,,,,,,,,,,,,,,,,,,,,,,,,,,,,,,,,,,,,,,,,,,,,,,,,,,,,,,,,,,,,,,,,,,,,,,,,,,,,,,,,,,,,,,,,,,,,,,,,,,,,,,,,,,,,,,,,,,,,,,,,,,,,,,,,,,,,,,,,,,,,,,,,,,,,,,,,,,,,,,,,,,,,,,,,,,,,,,,,,,,,,,,,,,,,,,,,,,,,,,,,,,,,,,,,,,,,,,,,,,,,,,,,,,,,,,,,,,,,,,,,,,,,,,,,,,,,,,,,,,,,,,,,,,,,,,,,,,,,,,,,,,,,,,,,,,,,,,,,,,,,,,,,,,,,,,,,,,,,,,,,,,,,,,,,,,,,,,,,,,,,,,,,,,,,,,,,,,,,,,,,,,,,,,,,,,,,,,,,,,,,,,,,,,,,,,,,,,,,,,,,,,,,,,,,,,,,,,,,,,,,,,,,,,,,,,,,,,,,,,,,,,,,,,,,,,,,,,,,,,,,,,,,,,,,,,,,,,,,,,,,,,,,,,,,,,,,,,,,,,,,,,,,,,,,,,,,,,,,,,,,,,,,,,,,,,,,,,,,,,,,,,,,,,,,,,,,,,,,,,,,,,,,,,,,,,,,,,,,,,,,,,,,,,,,,,,,,,,,,,,,,,,,,,,,,,,
Ferriss,in prep,87.7,bulk H,800,0.0001,Ni-NiO-2.6,-16.5,dehydration,SC1-2,c,1,[Si],-12.9,1,80,minimum,polarized FTIR E ,,,,,,,,,,,,,,,,,,,,,,,,,,,,,,,,,,,,,,,,,,,,,,,,,,,,,,,,,,,,,,,,,,,,,,,,,,,,,,,,,,,,,,,,,,,,,,,,,,,,,,,,,,,,,,,,,,,,,,,,,,,,,,,,,,,,,,,,,,,,,,,,,,,,,,,,,,,,,,,,,,,,,,,,,,,,,,,,,,,,,,,,,,,,,,,,,,,,,,,,,,,,,,,,,,,,,,,,,,,,,,,,,,,,,,,,,,,,,,,,,,,,,,,,,,,,,,,,,,,,,,,,,,,,,,,,,,,,,,,,,,,,,,,,,,,,,,,,,,,,,,,,,,,,,,,,,,,,,,,,,,,,,,,,,,,,,,,,,,,,,,,,,,,,,,,,,,,,,,,,,,,,,,,,,,,,,,,,,,,,,,,,,,,,,,,,,,,,,,,,,,,,,,,,,,,,,,,,,,,,,,,,,,,,,,,,,,,,,,,,,,,,,,,,,,,,,,,,,,,,,,,,,,,,,,,,,,,,,,,,,,,,,,,,,,,,,,,,,,,,,,,,,,,,,,,,,,,,,,,,,,,,,,,,,,,,,,,,,,,,,,,,,,,,,,,,,,,,,,,,,,,,,,,,,,,,,,,,,,,,,,,,,,,,,,,,,,,,,,,,,,,,,,,,,,,,,,,,,,,,,,,,,,,,,,,,,,,,,,,,,,,,,,,,,,,,,,,,,,,,,,,,,,,,,,,,,,,,,,,,,,,,,,,,,,,,,,,,,,,,,,,,,,,,,,,,,,,,,,,,,,,,,,,,,,,,,,,,,,,,,,,,,,,,,,,,,,,,,,,,,,,,,,,,,,,,,,,,,,,,,,,,,,,,,,,,,,,,,,,,,,,,,,,,,,,,,,,,,,,,,,,,,,,,,,,,,,,,,,,,,,,,,,,,,,,,,,,,,,,,,,,,,,,,,,,,,,,,,,,,,,,,,,,,,,,,,,,,,,,,,,,,,,,,,,,,,,,,,,,,,,,,,,,,,,,,,,,,,,,,,,,,,,,,,,,,,,,,,,,,,,,,,,,,,,,,,,,,,,,,,,,,,,,,,,,,,,,,,,,,,,,,,,
Ferriss,in prep,87.7,bulk H,800,0.0001,Ni-NiO-2.6,-16.5,dehydration,SC1-2,a,3,[Si],-11.9,1,90,minimum,polarized FTIR E ,,,,,,,,,,,,,,,,,,,,,,,,,,,,,,,,,,,,,,,,,,,,,,,,,,,,,,,,,,,,,,,,,,,,,,,,,,,,,,,,,,,,,,,,,,,,,,,,,,,,,,,,,,,,,,,,,,,,,,,,,,,,,,,,,,,,,,,,,,,,,,,,,,,,,,,,,,,,,,,,,,,,,,,,,,,,,,,,,,,,,,,,,,,,,,,,,,,,,,,,,,,,,,,,,,,,,,,,,,,,,,,,,,,,,,,,,,,,,,,,,,,,,,,,,,,,,,,,,,,,,,,,,,,,,,,,,,,,,,,,,,,,,,,,,,,,,,,,,,,,,,,,,,,,,,,,,,,,,,,,,,,,,,,,,,,,,,,,,,,,,,,,,,,,,,,,,,,,,,,,,,,,,,,,,,,,,,,,,,,,,,,,,,,,,,,,,,,,,,,,,,,,,,,,,,,,,,,,,,,,,,,,,,,,,,,,,,,,,,,,,,,,,,,,,,,,,,,,,,,,,,,,,,,,,,,,,,,,,,,,,,,,,,,,,,,,,,,,,,,,,,,,,,,,,,,,,,,,,,,,,,,,,,,,,,,,,,,,,,,,,,,,,,,,,,,,,,,,,,,,,,,,,,,,,,,,,,,,,,,,,,,,,,,,,,,,,,,,,,,,,,,,,,,,,,,,,,,,,,,,,,,,,,,,,,,,,,,,,,,,,,,,,,,,,,,,,,,,,,,,,,,,,,,,,,,,,,,,,,,,,,,,,,,,,,,,,,,,,,,,,,,,,,,,,,,,,,,,,,,,,,,,,,,,,,,,,,,,,,,,,,,,,,,,,,,,,,,,,,,,,,,,,,,,,,,,,,,,,,,,,,,,,,,,,,,,,,,,,,,,,,,,,,,,,,,,,,,,,,,,,,,,,,,,,,,,,,,,,,,,,,,,,,,,,,,,,,,,,,,,,,,,,,,,,,,,,,,,,,,,,,,,,,,,,,,,,,,,,,,,,,,,,,,,,,,,,,,,,,,,,,,,,,,,,,,,,,,,,,,,,,,,,,,,,,,,,,,,,,,,,,,,,,,,,,,,,,,,,,,,,,,,,,,,,,,,,,,,,,,,,,,,,,
Ferriss,in prep,87.7,bulk H,800,0.0001,Ni-NiO-2.6,-16.5,dehydration,SC1-2,b,3,[Si],-13.5,1,90,minimum,polarized FTIR E ,,,,,,,,,,,,,,,,,,,,,,,,,,,,,,,,,,,,,,,,,,,,,,,,,,,,,,,,,,,,,,,,,,,,,,,,,,,,,,,,,,,,,,,,,,,,,,,,,,,,,,,,,,,,,,,,,,,,,,,,,,,,,,,,,,,,,,,,,,,,,,,,,,,,,,,,,,,,,,,,,,,,,,,,,,,,,,,,,,,,,,,,,,,,,,,,,,,,,,,,,,,,,,,,,,,,,,,,,,,,,,,,,,,,,,,,,,,,,,,,,,,,,,,,,,,,,,,,,,,,,,,,,,,,,,,,,,,,,,,,,,,,,,,,,,,,,,,,,,,,,,,,,,,,,,,,,,,,,,,,,,,,,,,,,,,,,,,,,,,,,,,,,,,,,,,,,,,,,,,,,,,,,,,,,,,,,,,,,,,,,,,,,,,,,,,,,,,,,,,,,,,,,,,,,,,,,,,,,,,,,,,,,,,,,,,,,,,,,,,,,,,,,,,,,,,,,,,,,,,,,,,,,,,,,,,,,,,,,,,,,,,,,,,,,,,,,,,,,,,,,,,,,,,,,,,,,,,,,,,,,,,,,,,,,,,,,,,,,,,,,,,,,,,,,,,,,,,,,,,,,,,,,,,,,,,,,,,,,,,,,,,,,,,,,,,,,,,,,,,,,,,,,,,,,,,,,,,,,,,,,,,,,,,,,,,,,,,,,,,,,,,,,,,,,,,,,,,,,,,,,,,,,,,,,,,,,,,,,,,,,,,,,,,,,,,,,,,,,,,,,,,,,,,,,,,,,,,,,,,,,,,,,,,,,,,,,,,,,,,,,,,,,,,,,,,,,,,,,,,,,,,,,,,,,,,,,,,,,,,,,,,,,,,,,,,,,,,,,,,,,,,,,,,,,,,,,,,,,,,,,,,,,,,,,,,,,,,,,,,,,,,,,,,,,,,,,,,,,,,,,,,,,,,,,,,,,,,,,,,,,,,,,,,,,,,,,,,,,,,,,,,,,,,,,,,,,,,,,,,,,,,,,,,,,,,,,,,,,,,,,,,,,,,,,,,,,,,,,,,,,,,,,,,,,,,,,,,,,,,,,,,,,,,,,,,,,,,,,,,,,,,,,,
Ferriss,in prep,87.7,bulk H,800,0.0001,Ni-NiO-2.6,-16.5,dehydration,SC1-2,c,3,[Si],-13.2,1,90,minimum,polarized FTIR E ,,,,,,,,,,,,,,,,,,,,,,,,,,,,,,,,,,,,,,,,,,,,,,,,,,,,,,,,,,,,,,,,,,,,,,,,,,,,,,,,,,,,,,,,,,,,,,,,,,,,,,,,,,,,,,,,,,,,,,,,,,,,,,,,,,,,,,,,,,,,,,,,,,,,,,,,,,,,,,,,,,,,,,,,,,,,,,,,,,,,,,,,,,,,,,,,,,,,,,,,,,,,,,,,,,,,,,,,,,,,,,,,,,,,,,,,,,,,,,,,,,,,,,,,,,,,,,,,,,,,,,,,,,,,,,,,,,,,,,,,,,,,,,,,,,,,,,,,,,,,,,,,,,,,,,,,,,,,,,,,,,,,,,,,,,,,,,,,,,,,,,,,,,,,,,,,,,,,,,,,,,,,,,,,,,,,,,,,,,,,,,,,,,,,,,,,,,,,,,,,,,,,,,,,,,,,,,,,,,,,,,,,,,,,,,,,,,,,,,,,,,,,,,,,,,,,,,,,,,,,,,,,,,,,,,,,,,,,,,,,,,,,,,,,,,,,,,,,,,,,,,,,,,,,,,,,,,,,,,,,,,,,,,,,,,,,,,,,,,,,,,,,,,,,,,,,,,,,,,,,,,,,,,,,,,,,,,,,,,,,,,,,,,,,,,,,,,,,,,,,,,,,,,,,,,,,,,,,,,,,,,,,,,,,,,,,,,,,,,,,,,,,,,,,,,,,,,,,,,,,,,,,,,,,,,,,,,,,,,,,,,,,,,,,,,,,,,,,,,,,,,,,,,,,,,,,,,,,,,,,,,,,,,,,,,,,,,,,,,,,,,,,,,,,,,,,,,,,,,,,,,,,,,,,,,,,,,,,,,,,,,,,,,,,,,,,,,,,,,,,,,,,,,,,,,,,,,,,,,,,,,,,,,,,,,,,,,,,,,,,,,,,,,,,,,,,,,,,,,,,,,,,,,,,,,,,,,,,,,,,,,,,,,,,,,,,,,,,,,,,,,,,,,,,,,,,,,,,,,,,,,,,,,,,,,,,,,,,,,,,,,,,,,,,,,,,,,,,,,,,,,,,,,,,,,,,,,,,,,,,,,,,,,,,,,,,,,,,,,,,,,,,,,
Ferriss,in prep,87.7,bulk H,800,0.0001,Ni-NiO-2.6,-16.5,dehydration,SC1-2,a,7,[Si],-12.4,1,97,minimum,polarized FTIR E ,,,,,,,,,,,,,,,,,,,,,,,,,,,,,,,,,,,,,,,,,,,,,,,,,,,,,,,,,,,,,,,,,,,,,,,,,,,,,,,,,,,,,,,,,,,,,,,,,,,,,,,,,,,,,,,,,,,,,,,,,,,,,,,,,,,,,,,,,,,,,,,,,,,,,,,,,,,,,,,,,,,,,,,,,,,,,,,,,,,,,,,,,,,,,,,,,,,,,,,,,,,,,,,,,,,,,,,,,,,,,,,,,,,,,,,,,,,,,,,,,,,,,,,,,,,,,,,,,,,,,,,,,,,,,,,,,,,,,,,,,,,,,,,,,,,,,,,,,,,,,,,,,,,,,,,,,,,,,,,,,,,,,,,,,,,,,,,,,,,,,,,,,,,,,,,,,,,,,,,,,,,,,,,,,,,,,,,,,,,,,,,,,,,,,,,,,,,,,,,,,,,,,,,,,,,,,,,,,,,,,,,,,,,,,,,,,,,,,,,,,,,,,,,,,,,,,,,,,,,,,,,,,,,,,,,,,,,,,,,,,,,,,,,,,,,,,,,,,,,,,,,,,,,,,,,,,,,,,,,,,,,,,,,,,,,,,,,,,,,,,,,,,,,,,,,,,,,,,,,,,,,,,,,,,,,,,,,,,,,,,,,,,,,,,,,,,,,,,,,,,,,,,,,,,,,,,,,,,,,,,,,,,,,,,,,,,,,,,,,,,,,,,,,,,,,,,,,,,,,,,,,,,,,,,,,,,,,,,,,,,,,,,,,,,,,,,,,,,,,,,,,,,,,,,,,,,,,,,,,,,,,,,,,,,,,,,,,,,,,,,,,,,,,,,,,,,,,,,,,,,,,,,,,,,,,,,,,,,,,,,,,,,,,,,,,,,,,,,,,,,,,,,,,,,,,,,,,,,,,,,,,,,,,,,,,,,,,,,,,,,,,,,,,,,,,,,,,,,,,,,,,,,,,,,,,,,,,,,,,,,,,,,,,,,,,,,,,,,,,,,,,,,,,,,,,,,,,,,,,,,,,,,,,,,,,,,,,,,,,,,,,,,,,,,,,,,,,,,,,,,,,,,,,,,,,,,,,,,,,,,,,,,,,,,,,,,,,,,,,,,,,,,,
Ferriss,in prep,87.7,bulk H,800,0.0001,Ni-NiO-2.6,-16.5,dehydration,SC1-2,b,7,[Si],-13.9,1,97,minimum,polarized FTIR E ,,,,,,,,,,,,,,,,,,,,,,,,,,,,,,,,,,,,,,,,,,,,,,,,,,,,,,,,,,,,,,,,,,,,,,,,,,,,,,,,,,,,,,,,,,,,,,,,,,,,,,,,,,,,,,,,,,,,,,,,,,,,,,,,,,,,,,,,,,,,,,,,,,,,,,,,,,,,,,,,,,,,,,,,,,,,,,,,,,,,,,,,,,,,,,,,,,,,,,,,,,,,,,,,,,,,,,,,,,,,,,,,,,,,,,,,,,,,,,,,,,,,,,,,,,,,,,,,,,,,,,,,,,,,,,,,,,,,,,,,,,,,,,,,,,,,,,,,,,,,,,,,,,,,,,,,,,,,,,,,,,,,,,,,,,,,,,,,,,,,,,,,,,,,,,,,,,,,,,,,,,,,,,,,,,,,,,,,,,,,,,,,,,,,,,,,,,,,,,,,,,,,,,,,,,,,,,,,,,,,,,,,,,,,,,,,,,,,,,,,,,,,,,,,,,,,,,,,,,,,,,,,,,,,,,,,,,,,,,,,,,,,,,,,,,,,,,,,,,,,,,,,,,,,,,,,,,,,,,,,,,,,,,,,,,,,,,,,,,,,,,,,,,,,,,,,,,,,,,,,,,,,,,,,,,,,,,,,,,,,,,,,,,,,,,,,,,,,,,,,,,,,,,,,,,,,,,,,,,,,,,,,,,,,,,,,,,,,,,,,,,,,,,,,,,,,,,,,,,,,,,,,,,,,,,,,,,,,,,,,,,,,,,,,,,,,,,,,,,,,,,,,,,,,,,,,,,,,,,,,,,,,,,,,,,,,,,,,,,,,,,,,,,,,,,,,,,,,,,,,,,,,,,,,,,,,,,,,,,,,,,,,,,,,,,,,,,,,,,,,,,,,,,,,,,,,,,,,,,,,,,,,,,,,,,,,,,,,,,,,,,,,,,,,,,,,,,,,,,,,,,,,,,,,,,,,,,,,,,,,,,,,,,,,,,,,,,,,,,,,,,,,,,,,,,,,,,,,,,,,,,,,,,,,,,,,,,,,,,,,,,,,,,,,,,,,,,,,,,,,,,,,,,,,,,,,,,,,,,,,,,,,,,,,,,,,,,,,,,,,,,,,,,
Ferriss,in prep,87.7,bulk H,800,0.0001,Ni-NiO-2.6,-16.5,dehydration,SC1-2,c,7,[Si],-13.6,1,97,minimum,polarized FTIR E ,,,,,,,,,,,,,,,,,,,,,,,,,,,,,,,,,,,,,,,,,,,,,,,,,,,,,,,,,,,,,,,,,,,,,,,,,,,,,,,,,,,,,,,,,,,,,,,,,,,,,,,,,,,,,,,,,,,,,,,,,,,,,,,,,,,,,,,,,,,,,,,,,,,,,,,,,,,,,,,,,,,,,,,,,,,,,,,,,,,,,,,,,,,,,,,,,,,,,,,,,,,,,,,,,,,,,,,,,,,,,,,,,,,,,,,,,,,,,,,,,,,,,,,,,,,,,,,,,,,,,,,,,,,,,,,,,,,,,,,,,,,,,,,,,,,,,,,,,,,,,,,,,,,,,,,,,,,,,,,,,,,,,,,,,,,,,,,,,,,,,,,,,,,,,,,,,,,,,,,,,,,,,,,,,,,,,,,,,,,,,,,,,,,,,,,,,,,,,,,,,,,,,,,,,,,,,,,,,,,,,,,,,,,,,,,,,,,,,,,,,,,,,,,,,,,,,,,,,,,,,,,,,,,,,,,,,,,,,,,,,,,,,,,,,,,,,,,,,,,,,,,,,,,,,,,,,,,,,,,,,,,,,,,,,,,,,,,,,,,,,,,,,,,,,,,,,,,,,,,,,,,,,,,,,,,,,,,,,,,,,,,,,,,,,,,,,,,,,,,,,,,,,,,,,,,,,,,,,,,,,,,,,,,,,,,,,,,,,,,,,,,,,,,,,,,,,,,,,,,,,,,,,,,,,,,,,,,,,,,,,,,,,,,,,,,,,,,,,,,,,,,,,,,,,,,,,,,,,,,,,,,,,,,,,,,,,,,,,,,,,,,,,,,,,,,,,,,,,,,,,,,,,,,,,,,,,,,,,,,,,,,,,,,,,,,,,,,,,,,,,,,,,,,,,,,,,,,,,,,,,,,,,,,,,,,,,,,,,,,,,,,,,,,,,,,,,,,,,,,,,,,,,,,,,,,,,,,,,,,,,,,,,,,,,,,,,,,,,,,,,,,,,,,,,,,,,,,,,,,,,,,,,,,,,,,,,,,,,,,,,,,,,,,,,,,,,,,,,,,,,,,,,,,,,,,,,,,,,,,,,,,,,,,,,,,,,,,,,,,,,,,,,,
Ferriss,in prep,87.7,bulk H,800,0.0001,Ni-NiO-2.6,-16.5,dehydration,SC1-2,a,13,[Si],-12.4,1,97,minimum,polarized FTIR E ,,,,,,,,,,,,,,,,,,,,,,,,,,,,,,,,,,,,,,,,,,,,,,,,,,,,,,,,,,,,,,,,,,,,,,,,,,,,,,,,,,,,,,,,,,,,,,,,,,,,,,,,,,,,,,,,,,,,,,,,,,,,,,,,,,,,,,,,,,,,,,,,,,,,,,,,,,,,,,,,,,,,,,,,,,,,,,,,,,,,,,,,,,,,,,,,,,,,,,,,,,,,,,,,,,,,,,,,,,,,,,,,,,,,,,,,,,,,,,,,,,,,,,,,,,,,,,,,,,,,,,,,,,,,,,,,,,,,,,,,,,,,,,,,,,,,,,,,,,,,,,,,,,,,,,,,,,,,,,,,,,,,,,,,,,,,,,,,,,,,,,,,,,,,,,,,,,,,,,,,,,,,,,,,,,,,,,,,,,,,,,,,,,,,,,,,,,,,,,,,,,,,,,,,,,,,,,,,,,,,,,,,,,,,,,,,,,,,,,,,,,,,,,,,,,,,,,,,,,,,,,,,,,,,,,,,,,,,,,,,,,,,,,,,,,,,,,,,,,,,,,,,,,,,,,,,,,,,,,,,,,,,,,,,,,,,,,,,,,,,,,,,,,,,,,,,,,,,,,,,,,,,,,,,,,,,,,,,,,,,,,,,,,,,,,,,,,,,,,,,,,,,,,,,,,,,,,,,,,,,,,,,,,,,,,,,,,,,,,,,,,,,,,,,,,,,,,,,,,,,,,,,,,,,,,,,,,,,,,,,,,,,,,,,,,,,,,,,,,,,,,,,,,,,,,,,,,,,,,,,,,,,,,,,,,,,,,,,,,,,,,,,,,,,,,,,,,,,,,,,,,,,,,,,,,,,,,,,,,,,,,,,,,,,,,,,,,,,,,,,,,,,,,,,,,,,,,,,,,,,,,,,,,,,,,,,,,,,,,,,,,,,,,,,,,,,,,,,,,,,,,,,,,,,,,,,,,,,,,,,,,,,,,,,,,,,,,,,,,,,,,,,,,,,,,,,,,,,,,,,,,,,,,,,,,,,,,,,,,,,,,,,,,,,,,,,,,,,,,,,,,,,,,,,,,,,,,,,,,,,,,,,,,,,,,,,,,,,,,,,,,,,,,
Ferriss,in prep,87.7,bulk H,800,0.0001,Ni-NiO-2.6,-16.5,dehydration,SC1-2,b,13,[Si],-13.9,1,97,minimum,polarized FTIR E ,,,,,,,,,,,,,,,,,,,,,,,,,,,,,,,,,,,,,,,,,,,,,,,,,,,,,,,,,,,,,,,,,,,,,,,,,,,,,,,,,,,,,,,,,,,,,,,,,,,,,,,,,,,,,,,,,,,,,,,,,,,,,,,,,,,,,,,,,,,,,,,,,,,,,,,,,,,,,,,,,,,,,,,,,,,,,,,,,,,,,,,,,,,,,,,,,,,,,,,,,,,,,,,,,,,,,,,,,,,,,,,,,,,,,,,,,,,,,,,,,,,,,,,,,,,,,,,,,,,,,,,,,,,,,,,,,,,,,,,,,,,,,,,,,,,,,,,,,,,,,,,,,,,,,,,,,,,,,,,,,,,,,,,,,,,,,,,,,,,,,,,,,,,,,,,,,,,,,,,,,,,,,,,,,,,,,,,,,,,,,,,,,,,,,,,,,,,,,,,,,,,,,,,,,,,,,,,,,,,,,,,,,,,,,,,,,,,,,,,,,,,,,,,,,,,,,,,,,,,,,,,,,,,,,,,,,,,,,,,,,,,,,,,,,,,,,,,,,,,,,,,,,,,,,,,,,,,,,,,,,,,,,,,,,,,,,,,,,,,,,,,,,,,,,,,,,,,,,,,,,,,,,,,,,,,,,,,,,,,,,,,,,,,,,,,,,,,,,,,,,,,,,,,,,,,,,,,,,,,,,,,,,,,,,,,,,,,,,,,,,,,,,,,,,,,,,,,,,,,,,,,,,,,,,,,,,,,,,,,,,,,,,,,,,,,,,,,,,,,,,,,,,,,,,,,,,,,,,,,,,,,,,,,,,,,,,,,,,,,,,,,,,,,,,,,,,,,,,,,,,,,,,,,,,,,,,,,,,,,,,,,,,,,,,,,,,,,,,,,,,,,,,,,,,,,,,,,,,,,,,,,,,,,,,,,,,,,,,,,,,,,,,,,,,,,,,,,,,,,,,,,,,,,,,,,,,,,,,,,,,,,,,,,,,,,,,,,,,,,,,,,,,,,,,,,,,,,,,,,,,,,,,,,,,,,,,,,,,,,,,,,,,,,,,,,,,,,,,,,,,,,,,,,,,,,,,,,,,,,,,,,,,,,,,,,,,,,,,,,,,,,,,,
Ferriss,in prep,87.7,bulk H,800,0.0001,Ni-NiO-2.6,-16.5,dehydration,SC1-2,c,13,[Si],-13.6,1,97,minimum,polarized FTIR E ,,,,,,,,,,,,,,,,,,,,,,,,,,,,,,,,,,,,,,,,,,,,,,,,,,,,,,,,,,,,,,,,,,,,,,,,,,,,,,,,,,,,,,,,,,,,,,,,,,,,,,,,,,,,,,,,,,,,,,,,,,,,,,,,,,,,,,,,,,,,,,,,,,,,,,,,,,,,,,,,,,,,,,,,,,,,,,,,,,,,,,,,,,,,,,,,,,,,,,,,,,,,,,,,,,,,,,,,,,,,,,,,,,,,,,,,,,,,,,,,,,,,,,,,,,,,,,,,,,,,,,,,,,,,,,,,,,,,,,,,,,,,,,,,,,,,,,,,,,,,,,,,,,,,,,,,,,,,,,,,,,,,,,,,,,,,,,,,,,,,,,,,,,,,,,,,,,,,,,,,,,,,,,,,,,,,,,,,,,,,,,,,,,,,,,,,,,,,,,,,,,,,,,,,,,,,,,,,,,,,,,,,,,,,,,,,,,,,,,,,,,,,,,,,,,,,,,,,,,,,,,,,,,,,,,,,,,,,,,,,,,,,,,,,,,,,,,,,,,,,,,,,,,,,,,,,,,,,,,,,,,,,,,,,,,,,,,,,,,,,,,,,,,,,,,,,,,,,,,,,,,,,,,,,,,,,,,,,,,,,,,,,,,,,,,,,,,,,,,,,,,,,,,,,,,,,,,,,,,,,,,,,,,,,,,,,,,,,,,,,,,,,,,,,,,,,,,,,,,,,,,,,,,,,,,,,,,,,,,,,,,,,,,,,,,,,,,,,,,,,,,,,,,,,,,,,,,,,,,,,,,,,,,,,,,,,,,,,,,,,,,,,,,,,,,,,,,,,,,,,,,,,,,,,,,,,,,,,,,,,,,,,,,,,,,,,,,,,,,,,,,,,,,,,,,,,,,,,,,,,,,,,,,,,,,,,,,,,,,,,,,,,,,,,,,,,,,,,,,,,,,,,,,,,,,,,,,,,,,,,,,,,,,,,,,,,,,,,,,,,,,,,,,,,,,,,,,,,,,,,,,,,,,,,,,,,,,,,,,,,,,,,,,,,,,,,,,,,,,,,,,,,,,,,,,,,,,,,,,,,,,,,,,,,,,,,,,,,,,,,,,,,,,
Ferriss,in prep,87.7,bulk H,800,0.0001,Ni-NiO-2.6,-16.5,dehydration,SC1-2,a,19,[Si],-12.6,0.8,98,no,polarized FTIR E ,,,,,,,,,,,,,,,,,,,,,,,,,,,,,,,,,,,,,,,,,,,,,,,,,,,,,,,,,,,,,,,,,,,,,,,,,,,,,,,,,,,,,,,,,,,,,,,,,,,,,,,,,,,,,,,,,,,,,,,,,,,,,,,,,,,,,,,,,,,,,,,,,,,,,,,,,,,,,,,,,,,,,,,,,,,,,,,,,,,,,,,,,,,,,,,,,,,,,,,,,,,,,,,,,,,,,,,,,,,,,,,,,,,,,,,,,,,,,,,,,,,,,,,,,,,,,,,,,,,,,,,,,,,,,,,,,,,,,,,,,,,,,,,,,,,,,,,,,,,,,,,,,,,,,,,,,,,,,,,,,,,,,,,,,,,,,,,,,,,,,,,,,,,,,,,,,,,,,,,,,,,,,,,,,,,,,,,,,,,,,,,,,,,,,,,,,,,,,,,,,,,,,,,,,,,,,,,,,,,,,,,,,,,,,,,,,,,,,,,,,,,,,,,,,,,,,,,,,,,,,,,,,,,,,,,,,,,,,,,,,,,,,,,,,,,,,,,,,,,,,,,,,,,,,,,,,,,,,,,,,,,,,,,,,,,,,,,,,,,,,,,,,,,,,,,,,,,,,,,,,,,,,,,,,,,,,,,,,,,,,,,,,,,,,,,,,,,,,,,,,,,,,,,,,,,,,,,,,,,,,,,,,,,,,,,,,,,,,,,,,,,,,,,,,,,,,,,,,,,,,,,,,,,,,,,,,,,,,,,,,,,,,,,,,,,,,,,,,,,,,,,,,,,,,,,,,,,,,,,,,,,,,,,,,,,,,,,,,,,,,,,,,,,,,,,,,,,,,,,,,,,,,,,,,,,,,,,,,,,,,,,,,,,,,,,,,,,,,,,,,,,,,,,,,,,,,,,,,,,,,,,,,,,,,,,,,,,,,,,,,,,,,,,,,,,,,,,,,,,,,,,,,,,,,,,,,,,,,,,,,,,,,,,,,,,,,,,,,,,,,,,,,,,,,,,,,,,,,,,,,,,,,,,,,,,,,,,,,,,,,,,,,,,,,,,,,,,,,,,,,,,,,,,,,,,,,,,,,,,,,,,,,,,,,,,,,,,,,,,,,,,,,,
Ferriss,in prep,87.7,bulk H,800,0.0001,Ni-NiO-2.6,-16.5,dehydration,SC1-2,b,19,[Si],-14,0.8,98,no,polarized FTIR E ,,,,,,,,,,,,,,,,,,,,,,,,,,,,,,,,,,,,,,,,,,,,,,,,,,,,,,,,,,,,,,,,,,,,,,,,,,,,,,,,,,,,,,,,,,,,,,,,,,,,,,,,,,,,,,,,,,,,,,,,,,,,,,,,,,,,,,,,,,,,,,,,,,,,,,,,,,,,,,,,,,,,,,,,,,,,,,,,,,,,,,,,,,,,,,,,,,,,,,,,,,,,,,,,,,,,,,,,,,,,,,,,,,,,,,,,,,,,,,,,,,,,,,,,,,,,,,,,,,,,,,,,,,,,,,,,,,,,,,,,,,,,,,,,,,,,,,,,,,,,,,,,,,,,,,,,,,,,,,,,,,,,,,,,,,,,,,,,,,,,,,,,,,,,,,,,,,,,,,,,,,,,,,,,,,,,,,,,,,,,,,,,,,,,,,,,,,,,,,,,,,,,,,,,,,,,,,,,,,,,,,,,,,,,,,,,,,,,,,,,,,,,,,,,,,,,,,,,,,,,,,,,,,,,,,,,,,,,,,,,,,,,,,,,,,,,,,,,,,,,,,,,,,,,,,,,,,,,,,,,,,,,,,,,,,,,,,,,,,,,,,,,,,,,,,,,,,,,,,,,,,,,,,,,,,,,,,,,,,,,,,,,,,,,,,,,,,,,,,,,,,,,,,,,,,,,,,,,,,,,,,,,,,,,,,,,,,,,,,,,,,,,,,,,,,,,,,,,,,,,,,,,,,,,,,,,,,,,,,,,,,,,,,,,,,,,,,,,,,,,,,,,,,,,,,,,,,,,,,,,,,,,,,,,,,,,,,,,,,,,,,,,,,,,,,,,,,,,,,,,,,,,,,,,,,,,,,,,,,,,,,,,,,,,,,,,,,,,,,,,,,,,,,,,,,,,,,,,,,,,,,,,,,,,,,,,,,,,,,,,,,,,,,,,,,,,,,,,,,,,,,,,,,,,,,,,,,,,,,,,,,,,,,,,,,,,,,,,,,,,,,,,,,,,,,,,,,,,,,,,,,,,,,,,,,,,,,,,,,,,,,,,,,,,,,,,,,,,,,,,,,,,,,,,,,,,,,,,,,,,,,,,,,,,,,,,,,,,,,,,,,,,,,
Ferriss,in prep,87.7,bulk H,800,0.0001,Ni-NiO-2.6,-16.5,dehydration,SC1-2,c,19,[Si],-13.7,0.8,98,no,polarized FTIR E ,,,,,,,,,,,,,,,,,,,,,,,,,,,,,,,,,,,,,,,,,,,,,,,,,,,,,,,,,,,,,,,,,,,,,,,,,,,,,,,,,,,,,,,,,,,,,,,,,,,,,,,,,,,,,,,,,,,,,,,,,,,,,,,,,,,,,,,,,,,,,,,,,,,,,,,,,,,,,,,,,,,,,,,,,,,,,,,,,,,,,,,,,,,,,,,,,,,,,,,,,,,,,,,,,,,,,,,,,,,,,,,,,,,,,,,,,,,,,,,,,,,,,,,,,,,,,,,,,,,,,,,,,,,,,,,,,,,,,,,,,,,,,,,,,,,,,,,,,,,,,,,,,,,,,,,,,,,,,,,,,,,,,,,,,,,,,,,,,,,,,,,,,,,,,,,,,,,,,,,,,,,,,,,,,,,,,,,,,,,,,,,,,,,,,,,,,,,,,,,,,,,,,,,,,,,,,,,,,,,,,,,,,,,,,,,,,,,,,,,,,,,,,,,,,,,,,,,,,,,,,,,,,,,,,,,,,,,,,,,,,,,,,,,,,,,,,,,,,,,,,,,,,,,,,,,,,,,,,,,,,,,,,,,,,,,,,,,,,,,,,,,,,,,,,,,,,,,,,,,,,,,,,,,,,,,,,,,,,,,,,,,,,,,,,,,,,,,,,,,,,,,,,,,,,,,,,,,,,,,,,,,,,,,,,,,,,,,,,,,,,,,,,,,,,,,,,,,,,,,,,,,,,,,,,,,,,,,,,,,,,,,,,,,,,,,,,,,,,,,,,,,,,,,,,,,,,,,,,,,,,,,,,,,,,,,,,,,,,,,,,,,,,,,,,,,,,,,,,,,,,,,,,,,,,,,,,,,,,,,,,,,,,,,,,,,,,,,,,,,,,,,,,,,,,,,,,,,,,,,,,,,,,,,,,,,,,,,,,,,,,,,,,,,,,,,,,,,,,,,,,,,,,,,,,,,,,,,,,,,,,,,,,,,,,,,,,,,,,,,,,,,,,,,,,,,,,,,,,,,,,,,,,,,,,,,,,,,,,,,,,,,,,,,,,,,,,,,,,,,,,,,,,,,,,,,,,,,,,,,,,,,,,,,,,,,,,,,,,,,,,,,,,,
Ferriss,in prep,87.7,bulk H,800,0.0001,Ni-NiO-2.6,-16.5,dehydration,SC1-2,a,43,[Si],-12,0.6,92,no,polarized FTIR E ,,,,,,,,,,,,,,,,,,,,,,,,,,,,,,,,,,,,,,,,,,,,,,,,,,,,,,,,,,,,,,,,,,,,,,,,,,,,,,,,,,,,,,,,,,,,,,,,,,,,,,,,,,,,,,,,,,,,,,,,,,,,,,,,,,,,,,,,,,,,,,,,,,,,,,,,,,,,,,,,,,,,,,,,,,,,,,,,,,,,,,,,,,,,,,,,,,,,,,,,,,,,,,,,,,,,,,,,,,,,,,,,,,,,,,,,,,,,,,,,,,,,,,,,,,,,,,,,,,,,,,,,,,,,,,,,,,,,,,,,,,,,,,,,,,,,,,,,,,,,,,,,,,,,,,,,,,,,,,,,,,,,,,,,,,,,,,,,,,,,,,,,,,,,,,,,,,,,,,,,,,,,,,,,,,,,,,,,,,,,,,,,,,,,,,,,,,,,,,,,,,,,,,,,,,,,,,,,,,,,,,,,,,,,,,,,,,,,,,,,,,,,,,,,,,,,,,,,,,,,,,,,,,,,,,,,,,,,,,,,,,,,,,,,,,,,,,,,,,,,,,,,,,,,,,,,,,,,,,,,,,,,,,,,,,,,,,,,,,,,,,,,,,,,,,,,,,,,,,,,,,,,,,,,,,,,,,,,,,,,,,,,,,,,,,,,,,,,,,,,,,,,,,,,,,,,,,,,,,,,,,,,,,,,,,,,,,,,,,,,,,,,,,,,,,,,,,,,,,,,,,,,,,,,,,,,,,,,,,,,,,,,,,,,,,,,,,,,,,,,,,,,,,,,,,,,,,,,,,,,,,,,,,,,,,,,,,,,,,,,,,,,,,,,,,,,,,,,,,,,,,,,,,,,,,,,,,,,,,,,,,,,,,,,,,,,,,,,,,,,,,,,,,,,,,,,,,,,,,,,,,,,,,,,,,,,,,,,,,,,,,,,,,,,,,,,,,,,,,,,,,,,,,,,,,,,,,,,,,,,,,,,,,,,,,,,,,,,,,,,,,,,,,,,,,,,,,,,,,,,,,,,,,,,,,,,,,,,,,,,,,,,,,,,,,,,,,,,,,,,,,,,,,,,,,,,,,,,,,,,,,,,,,,,,,,,,,,,,,,,,,,,,,
Ferriss,in prep,87.7,bulk H,800,0.0001,Ni-NiO-2.6,-16.5,dehydration,SC1-2,b,43,[Si],-13.6,0.6,92,no,polarized FTIR E ,,,,,,,,,,,,,,,,,,,,,,,,,,,,,,,,,,,,,,,,,,,,,,,,,,,,,,,,,,,,,,,,,,,,,,,,,,,,,,,,,,,,,,,,,,,,,,,,,,,,,,,,,,,,,,,,,,,,,,,,,,,,,,,,,,,,,,,,,,,,,,,,,,,,,,,,,,,,,,,,,,,,,,,,,,,,,,,,,,,,,,,,,,,,,,,,,,,,,,,,,,,,,,,,,,,,,,,,,,,,,,,,,,,,,,,,,,,,,,,,,,,,,,,,,,,,,,,,,,,,,,,,,,,,,,,,,,,,,,,,,,,,,,,,,,,,,,,,,,,,,,,,,,,,,,,,,,,,,,,,,,,,,,,,,,,,,,,,,,,,,,,,,,,,,,,,,,,,,,,,,,,,,,,,,,,,,,,,,,,,,,,,,,,,,,,,,,,,,,,,,,,,,,,,,,,,,,,,,,,,,,,,,,,,,,,,,,,,,,,,,,,,,,,,,,,,,,,,,,,,,,,,,,,,,,,,,,,,,,,,,,,,,,,,,,,,,,,,,,,,,,,,,,,,,,,,,,,,,,,,,,,,,,,,,,,,,,,,,,,,,,,,,,,,,,,,,,,,,,,,,,,,,,,,,,,,,,,,,,,,,,,,,,,,,,,,,,,,,,,,,,,,,,,,,,,,,,,,,,,,,,,,,,,,,,,,,,,,,,,,,,,,,,,,,,,,,,,,,,,,,,,,,,,,,,,,,,,,,,,,,,,,,,,,,,,,,,,,,,,,,,,,,,,,,,,,,,,,,,,,,,,,,,,,,,,,,,,,,,,,,,,,,,,,,,,,,,,,,,,,,,,,,,,,,,,,,,,,,,,,,,,,,,,,,,,,,,,,,,,,,,,,,,,,,,,,,,,,,,,,,,,,,,,,,,,,,,,,,,,,,,,,,,,,,,,,,,,,,,,,,,,,,,,,,,,,,,,,,,,,,,,,,,,,,,,,,,,,,,,,,,,,,,,,,,,,,,,,,,,,,,,,,,,,,,,,,,,,,,,,,,,,,,,,,,,,,,,,,,,,,,,,,,,,,,,,,,,,,,,,,,,,,,,,,,,,,,,,,,,,,,,,,,
Ferriss,in prep,87.7,bulk H,800,0.0001,Ni-NiO-2.6,-16.5,dehydration,SC1-2,c,43,[Si],-13.3,0.6,92,no,polarized FTIR E ,,,,,,,,,,,,,,,,,,,,,,,,,,,,,,,,,,,,,,,,,,,,,,,,,,,,,,,,,,,,,,,,,,,,,,,,,,,,,,,,,,,,,,,,,,,,,,,,,,,,,,,,,,,,,,,,,,,,,,,,,,,,,,,,,,,,,,,,,,,,,,,,,,,,,,,,,,,,,,,,,,,,,,,,,,,,,,,,,,,,,,,,,,,,,,,,,,,,,,,,,,,,,,,,,,,,,,,,,,,,,,,,,,,,,,,,,,,,,,,,,,,,,,,,,,,,,,,,,,,,,,,,,,,,,,,,,,,,,,,,,,,,,,,,,,,,,,,,,,,,,,,,,,,,,,,,,,,,,,,,,,,,,,,,,,,,,,,,,,,,,,,,,,,,,,,,,,,,,,,,,,,,,,,,,,,,,,,,,,,,,,,,,,,,,,,,,,,,,,,,,,,,,,,,,,,,,,,,,,,,,,,,,,,,,,,,,,,,,,,,,,,,,,,,,,,,,,,,,,,,,,,,,,,,,,,,,,,,,,,,,,,,,,,,,,,,,,,,,,,,,,,,,,,,,,,,,,,,,,,,,,,,,,,,,,,,,,,,,,,,,,,,,,,,,,,,,,,,,,,,,,,,,,,,,,,,,,,,,,,,,,,,,,,,,,,,,,,,,,,,,,,,,,,,,,,,,,,,,,,,,,,,,,,,,,,,,,,,,,,,,,,,,,,,,,,,,,,,,,,,,,,,,,,,,,,,,,,,,,,,,,,,,,,,,,,,,,,,,,,,,,,,,,,,,,,,,,,,,,,,,,,,,,,,,,,,,,,,,,,,,,,,,,,,,,,,,,,,,,,,,,,,,,,,,,,,,,,,,,,,,,,,,,,,,,,,,,,,,,,,,,,,,,,,,,,,,,,,,,,,,,,,,,,,,,,,,,,,,,,,,,,,,,,,,,,,,,,,,,,,,,,,,,,,,,,,,,,,,,,,,,,,,,,,,,,,,,,,,,,,,,,,,,,,,,,,,,,,,,,,,,,,,,,,,,,,,,,,,,,,,,,,,,,,,,,,,,,,,,,,,,,,,,,,,,,,,,,,,,,,,,,,,,,,,,,,,,,,,,,,,,,,,,
Ferriss,in prep,87.7,bulk H,800,0.0001,Ni-NiO-2.6,-16.5,dehydration,SC1-2,a,68,[Si],-11.8,0.4,88,no,polarized FTIR E ,,,,,,,,,,,,,,,,,,,,,,,,,,,,,,,,,,,,,,,,,,,,,,,,,,,,,,,,,,,,,,,,,,,,,,,,,,,,,,,,,,,,,,,,,,,,,,,,,,,,,,,,,,,,,,,,,,,,,,,,,,,,,,,,,,,,,,,,,,,,,,,,,,,,,,,,,,,,,,,,,,,,,,,,,,,,,,,,,,,,,,,,,,,,,,,,,,,,,,,,,,,,,,,,,,,,,,,,,,,,,,,,,,,,,,,,,,,,,,,,,,,,,,,,,,,,,,,,,,,,,,,,,,,,,,,,,,,,,,,,,,,,,,,,,,,,,,,,,,,,,,,,,,,,,,,,,,,,,,,,,,,,,,,,,,,,,,,,,,,,,,,,,,,,,,,,,,,,,,,,,,,,,,,,,,,,,,,,,,,,,,,,,,,,,,,,,,,,,,,,,,,,,,,,,,,,,,,,,,,,,,,,,,,,,,,,,,,,,,,,,,,,,,,,,,,,,,,,,,,,,,,,,,,,,,,,,,,,,,,,,,,,,,,,,,,,,,,,,,,,,,,,,,,,,,,,,,,,,,,,,,,,,,,,,,,,,,,,,,,,,,,,,,,,,,,,,,,,,,,,,,,,,,,,,,,,,,,,,,,,,,,,,,,,,,,,,,,,,,,,,,,,,,,,,,,,,,,,,,,,,,,,,,,,,,,,,,,,,,,,,,,,,,,,,,,,,,,,,,,,,,,,,,,,,,,,,,,,,,,,,,,,,,,,,,,,,,,,,,,,,,,,,,,,,,,,,,,,,,,,,,,,,,,,,,,,,,,,,,,,,,,,,,,,,,,,,,,,,,,,,,,,,,,,,,,,,,,,,,,,,,,,,,,,,,,,,,,,,,,,,,,,,,,,,,,,,,,,,,,,,,,,,,,,,,,,,,,,,,,,,,,,,,,,,,,,,,,,,,,,,,,,,,,,,,,,,,,,,,,,,,,,,,,,,,,,,,,,,,,,,,,,,,,,,,,,,,,,,,,,,,,,,,,,,,,,,,,,,,,,,,,,,,,,,,,,,,,,,,,,,,,,,,,,,,,,,,,,,,,,,,,,,,,,,,,,,,,,,,,,,,,,,,
Ferriss,in prep,87.7,bulk H,800,0.0001,Ni-NiO-2.6,-16.5,dehydration,SC1-2,b,68,[Si],-13.4,0.4,88,no,polarized FTIR E ,,,,,,,,,,,,,,,,,,,,,,,,,,,,,,,,,,,,,,,,,,,,,,,,,,,,,,,,,,,,,,,,,,,,,,,,,,,,,,,,,,,,,,,,,,,,,,,,,,,,,,,,,,,,,,,,,,,,,,,,,,,,,,,,,,,,,,,,,,,,,,,,,,,,,,,,,,,,,,,,,,,,,,,,,,,,,,,,,,,,,,,,,,,,,,,,,,,,,,,,,,,,,,,,,,,,,,,,,,,,,,,,,,,,,,,,,,,,,,,,,,,,,,,,,,,,,,,,,,,,,,,,,,,,,,,,,,,,,,,,,,,,,,,,,,,,,,,,,,,,,,,,,,,,,,,,,,,,,,,,,,,,,,,,,,,,,,,,,,,,,,,,,,,,,,,,,,,,,,,,,,,,,,,,,,,,,,,,,,,,,,,,,,,,,,,,,,,,,,,,,,,,,,,,,,,,,,,,,,,,,,,,,,,,,,,,,,,,,,,,,,,,,,,,,,,,,,,,,,,,,,,,,,,,,,,,,,,,,,,,,,,,,,,,,,,,,,,,,,,,,,,,,,,,,,,,,,,,,,,,,,,,,,,,,,,,,,,,,,,,,,,,,,,,,,,,,,,,,,,,,,,,,,,,,,,,,,,,,,,,,,,,,,,,,,,,,,,,,,,,,,,,,,,,,,,,,,,,,,,,,,,,,,,,,,,,,,,,,,,,,,,,,,,,,,,,,,,,,,,,,,,,,,,,,,,,,,,,,,,,,,,,,,,,,,,,,,,,,,,,,,,,,,,,,,,,,,,,,,,,,,,,,,,,,,,,,,,,,,,,,,,,,,,,,,,,,,,,,,,,,,,,,,,,,,,,,,,,,,,,,,,,,,,,,,,,,,,,,,,,,,,,,,,,,,,,,,,,,,,,,,,,,,,,,,,,,,,,,,,,,,,,,,,,,,,,,,,,,,,,,,,,,,,,,,,,,,,,,,,,,,,,,,,,,,,,,,,,,,,,,,,,,,,,,,,,,,,,,,,,,,,,,,,,,,,,,,,,,,,,,,,,,,,,,,,,,,,,,,,,,,,,,,,,,,,,,,,,,,,,,,,,,,,,,,,,,,,,,,,,,,,,,,
Ferriss,in prep,87.7,bulk H,800,0.0001,Ni-NiO-2.6,-16.5,dehydration,SC1-2,c,68,[Si],-13.1,0.4,88,no,polarized FTIR E ,,,,,,,,,,,,,,,,,,,,,,,,,,,,,,,,,,,,,,,,,,,,,,,,,,,,,,,,,,,,,,,,,,,,,,,,,,,,,,,,,,,,,,,,,,,,,,,,,,,,,,,,,,,,,,,,,,,,,,,,,,,,,,,,,,,,,,,,,,,,,,,,,,,,,,,,,,,,,,,,,,,,,,,,,,,,,,,,,,,,,,,,,,,,,,,,,,,,,,,,,,,,,,,,,,,,,,,,,,,,,,,,,,,,,,,,,,,,,,,,,,,,,,,,,,,,,,,,,,,,,,,,,,,,,,,,,,,,,,,,,,,,,,,,,,,,,,,,,,,,,,,,,,,,,,,,,,,,,,,,,,,,,,,,,,,,,,,,,,,,,,,,,,,,,,,,,,,,,,,,,,,,,,,,,,,,,,,,,,,,,,,,,,,,,,,,,,,,,,,,,,,,,,,,,,,,,,,,,,,,,,,,,,,,,,,,,,,,,,,,,,,,,,,,,,,,,,,,,,,,,,,,,,,,,,,,,,,,,,,,,,,,,,,,,,,,,,,,,,,,,,,,,,,,,,,,,,,,,,,,,,,,,,,,,,,,,,,,,,,,,,,,,,,,,,,,,,,,,,,,,,,,,,,,,,,,,,,,,,,,,,,,,,,,,,,,,,,,,,,,,,,,,,,,,,,,,,,,,,,,,,,,,,,,,,,,,,,,,,,,,,,,,,,,,,,,,,,,,,,,,,,,,,,,,,,,,,,,,,,,,,,,,,,,,,,,,,,,,,,,,,,,,,,,,,,,,,,,,,,,,,,,,,,,,,,,,,,,,,,,,,,,,,,,,,,,,,,,,,,,,,,,,,,,,,,,,,,,,,,,,,,,,,,,,,,,,,,,,,,,,,,,,,,,,,,,,,,,,,,,,,,,,,,,,,,,,,,,,,,,,,,,,,,,,,,,,,,,,,,,,,,,,,,,,,,,,,,,,,,,,,,,,,,,,,,,,,,,,,,,,,,,,,,,,,,,,,,,,,,,,,,,,,,,,,,,,,,,,,,,,,,,,,,,,,,,,,,,,,,,,,,,,,,,,,,,,,,,,,,,,,,,,,,,,,,,,,,,,,,,,,,,,,
,,,,,,,,,,,,,,,,,,,,,,,,,,,,,,,,,,,,,,,,,,,,,,,,,,,,,,,,,,,,,,,,,,,,,,,,,,,,,,,,,,,,,,,,,,,,,,,,,,,,,,,,,,,,,,,,,,,,,,,,,,,,,,,,,,,,,,,,,,,,,,,,,,,,,,,,,,,,,,,,,,,,,,,,,,,,,,,,,,,,,,,,,,,,,,,,,,,,,,,,,,,,,,,,,,,,,,,,,,,,,,,,,,,,,,,,,,,,,,,,,,,,,,,,,,,,,,,,,,,,,,,,,,,,,,,,,,,,,,,,,,,,,,,,,,,,,,,,,,,,,,,,,,,,,,,,,,,,,,,,,,,,,,,,,,,,,,,,,,,,,,,,,,,,,,,,,,,,,,,,,,,,,,,,,,,,,,,,,,,,,,,,,,,,,,,,,,,,,,,,,,,,,,,,,,,,,,,,,,,,,,,,,,,,,,,,,,,,,,,,,,,,,,,,,,,,,,,,,,,,,,,,,,,,,,,,,,,,,,,,,,,,,,,,,,,,,,,,,,,,,,,,,,,,,,,,,,,,,,,,,,,,,,,,,,,,,,,,,,,,,,,,,,,,,,,,,,,,,,,,,,,,,,,,,,,,,,,,,,,,,,,,,,,,,,,,,,,,,,,,,,,,,,,,,,,,,,,,,,,,,,,,,,,,,,,,,,,,,,,,,,,,,,,,,,,,,,,,,,,,,,,,,,,,,,,,,,,,,,,,,,,,,,,,,,,,,,,,,,,,,,,,,,,,,,,,,,,,,,,,,,,,,,,,,,,,,,,,,,,,,,,,,,,,,,,,,,,,,,,,,,,,,,,,,,,,,,,,,,,,,,,,,,,,,,,,,,,,,,,,,,,,,,,,,,,,,,,,,,,,,,,,,,,,,,,,,,,,,,,,,,,,,,,,,,,,,,,,,,,,,,,,,,,,,,,,,,,,,,,,,,,,,,,,,,,,,,,,,,,,,,,,,,,,,,,,,,,,,,,,,,,,,,,,,,,,,,,,,,,,,,,,,,,,,,,,,,,,,,,,,,,,,,,,,,,,,,,,,,,,,,,,,,,,,,,,,,,,,,,,,,,,,,,,,,,,,,,,,,,,,,,
Ferriss,in prep,86.2,bulk H,800,0.0001,Ni-NiO-2.6,-16.75,dehydration,kiki,a,1,bulk,-12.6,1,98,maximum,polarized FTIR E ,,,,,,,,,,,,,,,,,,,,,,,,,,,,,,,,,,,,,,,,,,,,,,,,,,,,,,,,,,,,,,,,,,,,,,,,,,,,,,,,,,,,,,,,,,,,,,,,,,,,,,,,,,,,,,,,,,,,,,,,,,,,,,,,,,,,,,,,,,,,,,,,,,,,,,,,,,,,,,,,,,,,,,,,,,,,,,,,,,,,,,,,,,,,,,,,,,,,,,,,,,,,,,,,,,,,,,,,,,,,,,,,,,,,,,,,,,,,,,,,,,,,,,,,,,,,,,,,,,,,,,,,,,,,,,,,,,,,,,,,,,,,,,,,,,,,,,,,,,,,,,,,,,,,,,,,,,,,,,,,,,,,,,,,,,,,,,,,,,,,,,,,,,,,,,,,,,,,,,,,,,,,,,,,,,,,,,,,,,,,,,,,,,,,,,,,,,,,,,,,,,,,,,,,,,,,,,,,,,,,,,,,,,,,,,,,,,,,,,,,,,,,,,,,,,,,,,,,,,,,,,,,,,,,,,,,,,,,,,,,,,,,,,,,,,,,,,,,,,,,,,,,,,,,,,,,,,,,,,,,,,,,,,,,,,,,,,,,,,,,,,,,,,,,,,,,,,,,,,,,,,,,,,,,,,,,,,,,,,,,,,,,,,,,,,,,,,,,,,,,,,,,,,,,,,,,,,,,,,,,,,,,,,,,,,,,,,,,,,,,,,,,,,,,,,,,,,,,,,,,,,,,,,,,,,,,,,,,,,,,,,,,,,,,,,,,,,,,,,,,,,,,,,,,,,,,,,,,,,,,,,,,,,,,,,,,,,,,,,,,,,,,,,,,,,,,,,,,,,,,,,,,,,,,,,,,,,,,,,,,,,,,,,,,,,,,,,,,,,,,,,,,,,,,,,,,,,,,,,,,,,,,,,,,,,,,,,,,,,,,,,,,,,,,,,,,,,,,,,,,,,,,,,,,,,,,,,,,,,,,,,,,,,,,,,,,,,,,,,,,,,,,,,,,,,,,,,,,,,,,,,,,,,,,,,,,,,,,,,,,,,,,,,,,,,,,,,,,,,,,,,,,,,,,,,,,,,,,,,,,,,,,,,,,,,,,,,,,,,,,,,,,,,
Ferriss,in prep,86.2,bulk H,800,0.0001,Ni-NiO-2.6,-16.75,dehydration,kiki,b,1,bulk,-14,1,98,maximum,polarized FTIR E ,,,,,,,,,,,,,,,,,,,,,,,,,,,,,,,,,,,,,,,,,,,,,,,,,,,,,,,,,,,,,,,,,,,,,,,,,,,,,,,,,,,,,,,,,,,,,,,,,,,,,,,,,,,,,,,,,,,,,,,,,,,,,,,,,,,,,,,,,,,,,,,,,,,,,,,,,,,,,,,,,,,,,,,,,,,,,,,,,,,,,,,,,,,,,,,,,,,,,,,,,,,,,,,,,,,,,,,,,,,,,,,,,,,,,,,,,,,,,,,,,,,,,,,,,,,,,,,,,,,,,,,,,,,,,,,,,,,,,,,,,,,,,,,,,,,,,,,,,,,,,,,,,,,,,,,,,,,,,,,,,,,,,,,,,,,,,,,,,,,,,,,,,,,,,,,,,,,,,,,,,,,,,,,,,,,,,,,,,,,,,,,,,,,,,,,,,,,,,,,,,,,,,,,,,,,,,,,,,,,,,,,,,,,,,,,,,,,,,,,,,,,,,,,,,,,,,,,,,,,,,,,,,,,,,,,,,,,,,,,,,,,,,,,,,,,,,,,,,,,,,,,,,,,,,,,,,,,,,,,,,,,,,,,,,,,,,,,,,,,,,,,,,,,,,,,,,,,,,,,,,,,,,,,,,,,,,,,,,,,,,,,,,,,,,,,,,,,,,,,,,,,,,,,,,,,,,,,,,,,,,,,,,,,,,,,,,,,,,,,,,,,,,,,,,,,,,,,,,,,,,,,,,,,,,,,,,,,,,,,,,,,,,,,,,,,,,,,,,,,,,,,,,,,,,,,,,,,,,,,,,,,,,,,,,,,,,,,,,,,,,,,,,,,,,,,,,,,,,,,,,,,,,,,,,,,,,,,,,,,,,,,,,,,,,,,,,,,,,,,,,,,,,,,,,,,,,,,,,,,,,,,,,,,,,,,,,,,,,,,,,,,,,,,,,,,,,,,,,,,,,,,,,,,,,,,,,,,,,,,,,,,,,,,,,,,,,,,,,,,,,,,,,,,,,,,,,,,,,,,,,,,,,,,,,,,,,,,,,,,,,,,,,,,,,,,,,,,,,,,,,,,,,,,,,,,,,,,,,,,,,,,,,,,,,,,,,,,,,,,,,,,,,,
Ferriss,in prep,86.2,bulk H,800,0.0001,Ni-NiO-2.6,-16.75,dehydration,kiki,c,1,bulk,-13.7,1,98,maximum,polarized FTIR E ,,,,,,,,,,,,,,,,,,,,,,,,,,,,,,,,,,,,,,,,,,,,,,,,,,,,,,,,,,,,,,,,,,,,,,,,,,,,,,,,,,,,,,,,,,,,,,,,,,,,,,,,,,,,,,,,,,,,,,,,,,,,,,,,,,,,,,,,,,,,,,,,,,,,,,,,,,,,,,,,,,,,,,,,,,,,,,,,,,,,,,,,,,,,,,,,,,,,,,,,,,,,,,,,,,,,,,,,,,,,,,,,,,,,,,,,,,,,,,,,,,,,,,,,,,,,,,,,,,,,,,,,,,,,,,,,,,,,,,,,,,,,,,,,,,,,,,,,,,,,,,,,,,,,,,,,,,,,,,,,,,,,,,,,,,,,,,,,,,,,,,,,,,,,,,,,,,,,,,,,,,,,,,,,,,,,,,,,,,,,,,,,,,,,,,,,,,,,,,,,,,,,,,,,,,,,,,,,,,,,,,,,,,,,,,,,,,,,,,,,,,,,,,,,,,,,,,,,,,,,,,,,,,,,,,,,,,,,,,,,,,,,,,,,,,,,,,,,,,,,,,,,,,,,,,,,,,,,,,,,,,,,,,,,,,,,,,,,,,,,,,,,,,,,,,,,,,,,,,,,,,,,,,,,,,,,,,,,,,,,,,,,,,,,,,,,,,,,,,,,,,,,,,,,,,,,,,,,,,,,,,,,,,,,,,,,,,,,,,,,,,,,,,,,,,,,,,,,,,,,,,,,,,,,,,,,,,,,,,,,,,,,,,,,,,,,,,,,,,,,,,,,,,,,,,,,,,,,,,,,,,,,,,,,,,,,,,,,,,,,,,,,,,,,,,,,,,,,,,,,,,,,,,,,,,,,,,,,,,,,,,,,,,,,,,,,,,,,,,,,,,,,,,,,,,,,,,,,,,,,,,,,,,,,,,,,,,,,,,,,,,,,,,,,,,,,,,,,,,,,,,,,,,,,,,,,,,,,,,,,,,,,,,,,,,,,,,,,,,,,,,,,,,,,,,,,,,,,,,,,,,,,,,,,,,,,,,,,,,,,,,,,,,,,,,,,,,,,,,,,,,,,,,,,,,,,,,,,,,,,,,,,,,,,,,,,,,,,,,,,,,,,,,
Ferriss,in prep,86.2,bulk H,800,0.0001,Ni-NiO-2.6,-16.75,dehydration,kiki,a,8,bulk,-12.6,0.6,98,maximum,polarized FTIR E ,,,,,,,,,,,,,,,,,,,,,,,,,,,,,,,,,,,,,,,,,,,,,,,,,,,,,,,,,,,,,,,,,,,,,,,,,,,,,,,,,,,,,,,,,,,,,,,,,,,,,,,,,,,,,,,,,,,,,,,,,,,,,,,,,,,,,,,,,,,,,,,,,,,,,,,,,,,,,,,,,,,,,,,,,,,,,,,,,,,,,,,,,,,,,,,,,,,,,,,,,,,,,,,,,,,,,,,,,,,,,,,,,,,,,,,,,,,,,,,,,,,,,,,,,,,,,,,,,,,,,,,,,,,,,,,,,,,,,,,,,,,,,,,,,,,,,,,,,,,,,,,,,,,,,,,,,,,,,,,,,,,,,,,,,,,,,,,,,,,,,,,,,,,,,,,,,,,,,,,,,,,,,,,,,,,,,,,,,,,,,,,,,,,,,,,,,,,,,,,,,,,,,,,,,,,,,,,,,,,,,,,,,,,,,,,,,,,,,,,,,,,,,,,,,,,,,,,,,,,,,,,,,,,,,,,,,,,,,,,,,,,,,,,,,,,,,,,,,,,,,,,,,,,,,,,,,,,,,,,,,,,,,,,,,,,,,,,,,,,,,,,,,,,,,,,,,,,,,,,,,,,,,,,,,,,,,,,,,,,,,,,,,,,,,,,,,,,,,,,,,,,,,,,,,,,,,,,,,,,,,,,,,,,,,,,,,,,,,,,,,,,,,,,,,,,,,,,,,,,,,,,,,,,,,,,,,,,,,,,,,,,,,,,,,,,,,,,,,,,,,,,,,,,,,,,,,,,,,,,,,,,,,,,,,,,,,,,,,,,,,,,,,,,,,,,,,,,,,,,,,,,,,,,,,,,,,,,,,,,,,,,,,,,,,,,,,,,,,,,,,,,,,,,,,,,,,,,,,,,,,,,,,,,,,,,,,,,,,,,,,,,,,,,,,,,,,,,,,,,,,,,,,,,,,,,,,,,,,,,,,,,,,,,,,,,,,,,,,,,,,,,,,,,,,,,,,,,,,,,,,,,,,,,,,,,,,,,,,,,,,,,,,,,,,,,,,,,,,,,,,,,,,,,,,,,,,,,,,,,,,,,,,,,,,,,,,,,,,,,,,,,,,,
Ferriss,in prep,86.2,bulk H,800,0.0001,Ni-NiO-2.6,-16.75,dehydration,kiki,b,8,bulk,-14,0.6,98,maximum,polarized FTIR E ,,,,,,,,,,,,,,,,,,,,,,,,,,,,,,,,,,,,,,,,,,,,,,,,,,,,,,,,,,,,,,,,,,,,,,,,,,,,,,,,,,,,,,,,,,,,,,,,,,,,,,,,,,,,,,,,,,,,,,,,,,,,,,,,,,,,,,,,,,,,,,,,,,,,,,,,,,,,,,,,,,,,,,,,,,,,,,,,,,,,,,,,,,,,,,,,,,,,,,,,,,,,,,,,,,,,,,,,,,,,,,,,,,,,,,,,,,,,,,,,,,,,,,,,,,,,,,,,,,,,,,,,,,,,,,,,,,,,,,,,,,,,,,,,,,,,,,,,,,,,,,,,,,,,,,,,,,,,,,,,,,,,,,,,,,,,,,,,,,,,,,,,,,,,,,,,,,,,,,,,,,,,,,,,,,,,,,,,,,,,,,,,,,,,,,,,,,,,,,,,,,,,,,,,,,,,,,,,,,,,,,,,,,,,,,,,,,,,,,,,,,,,,,,,,,,,,,,,,,,,,,,,,,,,,,,,,,,,,,,,,,,,,,,,,,,,,,,,,,,,,,,,,,,,,,,,,,,,,,,,,,,,,,,,,,,,,,,,,,,,,,,,,,,,,,,,,,,,,,,,,,,,,,,,,,,,,,,,,,,,,,,,,,,,,,,,,,,,,,,,,,,,,,,,,,,,,,,,,,,,,,,,,,,,,,,,,,,,,,,,,,,,,,,,,,,,,,,,,,,,,,,,,,,,,,,,,,,,,,,,,,,,,,,,,,,,,,,,,,,,,,,,,,,,,,,,,,,,,,,,,,,,,,,,,,,,,,,,,,,,,,,,,,,,,,,,,,,,,,,,,,,,,,,,,,,,,,,,,,,,,,,,,,,,,,,,,,,,,,,,,,,,,,,,,,,,,,,,,,,,,,,,,,,,,,,,,,,,,,,,,,,,,,,,,,,,,,,,,,,,,,,,,,,,,,,,,,,,,,,,,,,,,,,,,,,,,,,,,,,,,,,,,,,,,,,,,,,,,,,,,,,,,,,,,,,,,,,,,,,,,,,,,,,,,,,,,,,,,,,,,,,,,,,,,,,,,,,,,,,,,,,,,,,,,,,,,,,,,,,,,,,,,,
Ferriss,in prep,86.2,bulk H,800,0.0001,Ni-NiO-2.6,-16.75,dehydration,kiki,c,8,bulk,-13.7,0.6,98,maximum,polarized FTIR E ,,,,,,,,,,,,,,,,,,,,,,,,,,,,,,,,,,,,,,,,,,,,,,,,,,,,,,,,,,,,,,,,,,,,,,,,,,,,,,,,,,,,,,,,,,,,,,,,,,,,,,,,,,,,,,,,,,,,,,,,,,,,,,,,,,,,,,,,,,,,,,,,,,,,,,,,,,,,,,,,,,,,,,,,,,,,,,,,,,,,,,,,,,,,,,,,,,,,,,,,,,,,,,,,,,,,,,,,,,,,,,,,,,,,,,,,,,,,,,,,,,,,,,,,,,,,,,,,,,,,,,,,,,,,,,,,,,,,,,,,,,,,,,,,,,,,,,,,,,,,,,,,,,,,,,,,,,,,,,,,,,,,,,,,,,,,,,,,,,,,,,,,,,,,,,,,,,,,,,,,,,,,,,,,,,,,,,,,,,,,,,,,,,,,,,,,,,,,,,,,,,,,,,,,,,,,,,,,,,,,,,,,,,,,,,,,,,,,,,,,,,,,,,,,,,,,,,,,,,,,,,,,,,,,,,,,,,,,,,,,,,,,,,,,,,,,,,,,,,,,,,,,,,,,,,,,,,,,,,,,,,,,,,,,,,,,,,,,,,,,,,,,,,,,,,,,,,,,,,,,,,,,,,,,,,,,,,,,,,,,,,,,,,,,,,,,,,,,,,,,,,,,,,,,,,,,,,,,,,,,,,,,,,,,,,,,,,,,,,,,,,,,,,,,,,,,,,,,,,,,,,,,,,,,,,,,,,,,,,,,,,,,,,,,,,,,,,,,,,,,,,,,,,,,,,,,,,,,,,,,,,,,,,,,,,,,,,,,,,,,,,,,,,,,,,,,,,,,,,,,,,,,,,,,,,,,,,,,,,,,,,,,,,,,,,,,,,,,,,,,,,,,,,,,,,,,,,,,,,,,,,,,,,,,,,,,,,,,,,,,,,,,,,,,,,,,,,,,,,,,,,,,,,,,,,,,,,,,,,,,,,,,,,,,,,,,,,,,,,,,,,,,,,,,,,,,,,,,,,,,,,,,,,,,,,,,,,,,,,,,,,,,,,,,,,,,,,,,,,,,,,,,,,,,,,,,,,,,,,,,,,,,,,,,,,,,,,,,,,,,,,,,,,
Ferriss,in prep,86.2,bulk H,1000,0.0001,Ni-NiO-2.6,-13.1,dehydration,kiki,a,3,bulk,-10.9,0.4,92,no,polarized FTIR E ,,,,,,,,,,,,,,,,,,,,,,,,,,,,,,,,,,,,,,,,,,,,,,,,,,,,,,,,,,,,,,,,,,,,,,,,,,,,,,,,,,,,,,,,,,,,,,,,,,,,,,,,,,,,,,,,,,,,,,,,,,,,,,,,,,,,,,,,,,,,,,,,,,,,,,,,,,,,,,,,,,,,,,,,,,,,,,,,,,,,,,,,,,,,,,,,,,,,,,,,,,,,,,,,,,,,,,,,,,,,,,,,,,,,,,,,,,,,,,,,,,,,,,,,,,,,,,,,,,,,,,,,,,,,,,,,,,,,,,,,,,,,,,,,,,,,,,,,,,,,,,,,,,,,,,,,,,,,,,,,,,,,,,,,,,,,,,,,,,,,,,,,,,,,,,,,,,,,,,,,,,,,,,,,,,,,,,,,,,,,,,,,,,,,,,,,,,,,,,,,,,,,,,,,,,,,,,,,,,,,,,,,,,,,,,,,,,,,,,,,,,,,,,,,,,,,,,,,,,,,,,,,,,,,,,,,,,,,,,,,,,,,,,,,,,,,,,,,,,,,,,,,,,,,,,,,,,,,,,,,,,,,,,,,,,,,,,,,,,,,,,,,,,,,,,,,,,,,,,,,,,,,,,,,,,,,,,,,,,,,,,,,,,,,,,,,,,,,,,,,,,,,,,,,,,,,,,,,,,,,,,,,,,,,,,,,,,,,,,,,,,,,,,,,,,,,,,,,,,,,,,,,,,,,,,,,,,,,,,,,,,,,,,,,,,,,,,,,,,,,,,,,,,,,,,,,,,,,,,,,,,,,,,,,,,,,,,,,,,,,,,,,,,,,,,,,,,,,,,,,,,,,,,,,,,,,,,,,,,,,,,,,,,,,,,,,,,,,,,,,,,,,,,,,,,,,,,,,,,,,,,,,,,,,,,,,,,,,,,,,,,,,,,,,,,,,,,,,,,,,,,,,,,,,,,,,,,,,,,,,,,,,,,,,,,,,,,,,,,,,,,,,,,,,,,,,,,,,,,,,,,,,,,,,,,,,,,,,,,,,,,,,,,,,,,,,,,,,,,,,,,,,,,,,,,,,,,,,,,,,,,,,,,,,,,,,,,,,,,,,,,,,,,
Ferriss,in prep,86.2,bulk H,1000,0.0001,Ni-NiO-2.6,-13.1,dehydration,kiki,b,3,bulk,-12.2,0.4,92,no,polarized FTIR E ,,,,,,,,,,,,,,,,,,,,,,,,,,,,,,,,,,,,,,,,,,,,,,,,,,,,,,,,,,,,,,,,,,,,,,,,,,,,,,,,,,,,,,,,,,,,,,,,,,,,,,,,,,,,,,,,,,,,,,,,,,,,,,,,,,,,,,,,,,,,,,,,,,,,,,,,,,,,,,,,,,,,,,,,,,,,,,,,,,,,,,,,,,,,,,,,,,,,,,,,,,,,,,,,,,,,,,,,,,,,,,,,,,,,,,,,,,,,,,,,,,,,,,,,,,,,,,,,,,,,,,,,,,,,,,,,,,,,,,,,,,,,,,,,,,,,,,,,,,,,,,,,,,,,,,,,,,,,,,,,,,,,,,,,,,,,,,,,,,,,,,,,,,,,,,,,,,,,,,,,,,,,,,,,,,,,,,,,,,,,,,,,,,,,,,,,,,,,,,,,,,,,,,,,,,,,,,,,,,,,,,,,,,,,,,,,,,,,,,,,,,,,,,,,,,,,,,,,,,,,,,,,,,,,,,,,,,,,,,,,,,,,,,,,,,,,,,,,,,,,,,,,,,,,,,,,,,,,,,,,,,,,,,,,,,,,,,,,,,,,,,,,,,,,,,,,,,,,,,,,,,,,,,,,,,,,,,,,,,,,,,,,,,,,,,,,,,,,,,,,,,,,,,,,,,,,,,,,,,,,,,,,,,,,,,,,,,,,,,,,,,,,,,,,,,,,,,,,,,,,,,,,,,,,,,,,,,,,,,,,,,,,,,,,,,,,,,,,,,,,,,,,,,,,,,,,,,,,,,,,,,,,,,,,,,,,,,,,,,,,,,,,,,,,,,,,,,,,,,,,,,,,,,,,,,,,,,,,,,,,,,,,,,,,,,,,,,,,,,,,,,,,,,,,,,,,,,,,,,,,,,,,,,,,,,,,,,,,,,,,,,,,,,,,,,,,,,,,,,,,,,,,,,,,,,,,,,,,,,,,,,,,,,,,,,,,,,,,,,,,,,,,,,,,,,,,,,,,,,,,,,,,,,,,,,,,,,,,,,,,,,,,,,,,,,,,,,,,,,,,,,,,,,,,,,,,,,,,,,,,,,,,,,,,,,,,,,,,,,,,,,,,,,
Ferriss,in prep,86.2,bulk H,1000,0.0001,Ni-NiO-2.6,-13.1,dehydration,kiki,c,3,bulk,-11.9,0.4,92,no,polarized FTIR E ,,,,,,,,,,,,,,,,,,,,,,,,,,,,,,,,,,,,,,,,,,,,,,,,,,,,,,,,,,,,,,,,,,,,,,,,,,,,,,,,,,,,,,,,,,,,,,,,,,,,,,,,,,,,,,,,,,,,,,,,,,,,,,,,,,,,,,,,,,,,,,,,,,,,,,,,,,,,,,,,,,,,,,,,,,,,,,,,,,,,,,,,,,,,,,,,,,,,,,,,,,,,,,,,,,,,,,,,,,,,,,,,,,,,,,,,,,,,,,,,,,,,,,,,,,,,,,,,,,,,,,,,,,,,,,,,,,,,,,,,,,,,,,,,,,,,,,,,,,,,,,,,,,,,,,,,,,,,,,,,,,,,,,,,,,,,,,,,,,,,,,,,,,,,,,,,,,,,,,,,,,,,,,,,,,,,,,,,,,,,,,,,,,,,,,,,,,,,,,,,,,,,,,,,,,,,,,,,,,,,,,,,,,,,,,,,,,,,,,,,,,,,,,,,,,,,,,,,,,,,,,,,,,,,,,,,,,,,,,,,,,,,,,,,,,,,,,,,,,,,,,,,,,,,,,,,,,,,,,,,,,,,,,,,,,,,,,,,,,,,,,,,,,,,,,,,,,,,,,,,,,,,,,,,,,,,,,,,,,,,,,,,,,,,,,,,,,,,,,,,,,,,,,,,,,,,,,,,,,,,,,,,,,,,,,,,,,,,,,,,,,,,,,,,,,,,,,,,,,,,,,,,,,,,,,,,,,,,,,,,,,,,,,,,,,,,,,,,,,,,,,,,,,,,,,,,,,,,,,,,,,,,,,,,,,,,,,,,,,,,,,,,,,,,,,,,,,,,,,,,,,,,,,,,,,,,,,,,,,,,,,,,,,,,,,,,,,,,,,,,,,,,,,,,,,,,,,,,,,,,,,,,,,,,,,,,,,,,,,,,,,,,,,,,,,,,,,,,,,,,,,,,,,,,,,,,,,,,,,,,,,,,,,,,,,,,,,,,,,,,,,,,,,,,,,,,,,,,,,,,,,,,,,,,,,,,,,,,,,,,,,,,,,,,,,,,,,,,,,,,,,,,,,,,,,,,,,,,,,,,,,,,,,,,,,,,,,,,,,,,,,,,,,
Ferriss,in prep,86.2,bulk H,1000,0.0001,Ni-NiO-2.6,-13.1,dehydration,kiki,a,6,bulk,-10.9,0.4,92,no,polarized FTIR E ,,,,,,,,,,,,,,,,,,,,,,,,,,,,,,,,,,,,,,,,,,,,,,,,,,,,,,,,,,,,,,,,,,,,,,,,,,,,,,,,,,,,,,,,,,,,,,,,,,,,,,,,,,,,,,,,,,,,,,,,,,,,,,,,,,,,,,,,,,,,,,,,,,,,,,,,,,,,,,,,,,,,,,,,,,,,,,,,,,,,,,,,,,,,,,,,,,,,,,,,,,,,,,,,,,,,,,,,,,,,,,,,,,,,,,,,,,,,,,,,,,,,,,,,,,,,,,,,,,,,,,,,,,,,,,,,,,,,,,,,,,,,,,,,,,,,,,,,,,,,,,,,,,,,,,,,,,,,,,,,,,,,,,,,,,,,,,,,,,,,,,,,,,,,,,,,,,,,,,,,,,,,,,,,,,,,,,,,,,,,,,,,,,,,,,,,,,,,,,,,,,,,,,,,,,,,,,,,,,,,,,,,,,,,,,,,,,,,,,,,,,,,,,,,,,,,,,,,,,,,,,,,,,,,,,,,,,,,,,,,,,,,,,,,,,,,,,,,,,,,,,,,,,,,,,,,,,,,,,,,,,,,,,,,,,,,,,,,,,,,,,,,,,,,,,,,,,,,,,,,,,,,,,,,,,,,,,,,,,,,,,,,,,,,,,,,,,,,,,,,,,,,,,,,,,,,,,,,,,,,,,,,,,,,,,,,,,,,,,,,,,,,,,,,,,,,,,,,,,,,,,,,,,,,,,,,,,,,,,,,,,,,,,,,,,,,,,,,,,,,,,,,,,,,,,,,,,,,,,,,,,,,,,,,,,,,,,,,,,,,,,,,,,,,,,,,,,,,,,,,,,,,,,,,,,,,,,,,,,,,,,,,,,,,,,,,,,,,,,,,,,,,,,,,,,,,,,,,,,,,,,,,,,,,,,,,,,,,,,,,,,,,,,,,,,,,,,,,,,,,,,,,,,,,,,,,,,,,,,,,,,,,,,,,,,,,,,,,,,,,,,,,,,,,,,,,,,,,,,,,,,,,,,,,,,,,,,,,,,,,,,,,,,,,,,,,,,,,,,,,,,,,,,,,,,,,,,,,,,,,,,,,,,,,,,,,,,,,,,,,,,,,,,
Ferriss,in prep,86.2,bulk H,1000,0.0001,Ni-NiO-2.6,-13.1,dehydration,kiki,b,6,bulk,-12.2,0.4,92,no,polarized FTIR E ,,,,,,,,,,,,,,,,,,,,,,,,,,,,,,,,,,,,,,,,,,,,,,,,,,,,,,,,,,,,,,,,,,,,,,,,,,,,,,,,,,,,,,,,,,,,,,,,,,,,,,,,,,,,,,,,,,,,,,,,,,,,,,,,,,,,,,,,,,,,,,,,,,,,,,,,,,,,,,,,,,,,,,,,,,,,,,,,,,,,,,,,,,,,,,,,,,,,,,,,,,,,,,,,,,,,,,,,,,,,,,,,,,,,,,,,,,,,,,,,,,,,,,,,,,,,,,,,,,,,,,,,,,,,,,,,,,,,,,,,,,,,,,,,,,,,,,,,,,,,,,,,,,,,,,,,,,,,,,,,,,,,,,,,,,,,,,,,,,,,,,,,,,,,,,,,,,,,,,,,,,,,,,,,,,,,,,,,,,,,,,,,,,,,,,,,,,,,,,,,,,,,,,,,,,,,,,,,,,,,,,,,,,,,,,,,,,,,,,,,,,,,,,,,,,,,,,,,,,,,,,,,,,,,,,,,,,,,,,,,,,,,,,,,,,,,,,,,,,,,,,,,,,,,,,,,,,,,,,,,,,,,,,,,,,,,,,,,,,,,,,,,,,,,,,,,,,,,,,,,,,,,,,,,,,,,,,,,,,,,,,,,,,,,,,,,,,,,,,,,,,,,,,,,,,,,,,,,,,,,,,,,,,,,,,,,,,,,,,,,,,,,,,,,,,,,,,,,,,,,,,,,,,,,,,,,,,,,,,,,,,,,,,,,,,,,,,,,,,,,,,,,,,,,,,,,,,,,,,,,,,,,,,,,,,,,,,,,,,,,,,,,,,,,,,,,,,,,,,,,,,,,,,,,,,,,,,,,,,,,,,,,,,,,,,,,,,,,,,,,,,,,,,,,,,,,,,,,,,,,,,,,,,,,,,,,,,,,,,,,,,,,,,,,,,,,,,,,,,,,,,,,,,,,,,,,,,,,,,,,,,,,,,,,,,,,,,,,,,,,,,,,,,,,,,,,,,,,,,,,,,,,,,,,,,,,,,,,,,,,,,,,,,,,,,,,,,,,,,,,,,,,,,,,,,,,,,,,,,,,,,,,,,,,,,,,,,,,,,,,,,,,,,
Ferriss,in prep,86.2,bulk H,1000,0.0001,Ni-NiO-2.6,-13.1,dehydration,kiki,c,6,bulk,-11.9,0.4,92,no,polarized FTIR E ,,,,,,,,,,,,,,,,,,,,,,,,,,,,,,,,,,,,,,,,,,,,,,,,,,,,,,,,,,,,,,,,,,,,,,,,,,,,,,,,,,,,,,,,,,,,,,,,,,,,,,,,,,,,,,,,,,,,,,,,,,,,,,,,,,,,,,,,,,,,,,,,,,,,,,,,,,,,,,,,,,,,,,,,,,,,,,,,,,,,,,,,,,,,,,,,,,,,,,,,,,,,,,,,,,,,,,,,,,,,,,,,,,,,,,,,,,,,,,,,,,,,,,,,,,,,,,,,,,,,,,,,,,,,,,,,,,,,,,,,,,,,,,,,,,,,,,,,,,,,,,,,,,,,,,,,,,,,,,,,,,,,,,,,,,,,,,,,,,,,,,,,,,,,,,,,,,,,,,,,,,,,,,,,,,,,,,,,,,,,,,,,,,,,,,,,,,,,,,,,,,,,,,,,,,,,,,,,,,,,,,,,,,,,,,,,,,,,,,,,,,,,,,,,,,,,,,,,,,,,,,,,,,,,,,,,,,,,,,,,,,,,,,,,,,,,,,,,,,,,,,,,,,,,,,,,,,,,,,,,,,,,,,,,,,,,,,,,,,,,,,,,,,,,,,,,,,,,,,,,,,,,,,,,,,,,,,,,,,,,,,,,,,,,,,,,,,,,,,,,,,,,,,,,,,,,,,,,,,,,,,,,,,,,,,,,,,,,,,,,,,,,,,,,,,,,,,,,,,,,,,,,,,,,,,,,,,,,,,,,,,,,,,,,,,,,,,,,,,,,,,,,,,,,,,,,,,,,,,,,,,,,,,,,,,,,,,,,,,,,,,,,,,,,,,,,,,,,,,,,,,,,,,,,,,,,,,,,,,,,,,,,,,,,,,,,,,,,,,,,,,,,,,,,,,,,,,,,,,,,,,,,,,,,,,,,,,,,,,,,,,,,,,,,,,,,,,,,,,,,,,,,,,,,,,,,,,,,,,,,,,,,,,,,,,,,,,,,,,,,,,,,,,,,,,,,,,,,,,,,,,,,,,,,,,,,,,,,,,,,,,,,,,,,,,,,,,,,,,,,,,,,,,,,,,,,,,,,,,,,,,,,,,,,,,,,,,,,,,,,,,,,,,
Ferriss,in prep,86.2,bulk H,1000,0.0001,Ni-NiO-2.6,-13.1,dehydration,kiki,a,7,bulk,-10.9,0.4,92,no,polarized FTIR E ,,,,,,,,,,,,,,,,,,,,,,,,,,,,,,,,,,,,,,,,,,,,,,,,,,,,,,,,,,,,,,,,,,,,,,,,,,,,,,,,,,,,,,,,,,,,,,,,,,,,,,,,,,,,,,,,,,,,,,,,,,,,,,,,,,,,,,,,,,,,,,,,,,,,,,,,,,,,,,,,,,,,,,,,,,,,,,,,,,,,,,,,,,,,,,,,,,,,,,,,,,,,,,,,,,,,,,,,,,,,,,,,,,,,,,,,,,,,,,,,,,,,,,,,,,,,,,,,,,,,,,,,,,,,,,,,,,,,,,,,,,,,,,,,,,,,,,,,,,,,,,,,,,,,,,,,,,,,,,,,,,,,,,,,,,,,,,,,,,,,,,,,,,,,,,,,,,,,,,,,,,,,,,,,,,,,,,,,,,,,,,,,,,,,,,,,,,,,,,,,,,,,,,,,,,,,,,,,,,,,,,,,,,,,,,,,,,,,,,,,,,,,,,,,,,,,,,,,,,,,,,,,,,,,,,,,,,,,,,,,,,,,,,,,,,,,,,,,,,,,,,,,,,,,,,,,,,,,,,,,,,,,,,,,,,,,,,,,,,,,,,,,,,,,,,,,,,,,,,,,,,,,,,,,,,,,,,,,,,,,,,,,,,,,,,,,,,,,,,,,,,,,,,,,,,,,,,,,,,,,,,,,,,,,,,,,,,,,,,,,,,,,,,,,,,,,,,,,,,,,,,,,,,,,,,,,,,,,,,,,,,,,,,,,,,,,,,,,,,,,,,,,,,,,,,,,,,,,,,,,,,,,,,,,,,,,,,,,,,,,,,,,,,,,,,,,,,,,,,,,,,,,,,,,,,,,,,,,,,,,,,,,,,,,,,,,,,,,,,,,,,,,,,,,,,,,,,,,,,,,,,,,,,,,,,,,,,,,,,,,,,,,,,,,,,,,,,,,,,,,,,,,,,,,,,,,,,,,,,,,,,,,,,,,,,,,,,,,,,,,,,,,,,,,,,,,,,,,,,,,,,,,,,,,,,,,,,,,,,,,,,,,,,,,,,,,,,,,,,,,,,,,,,,,,,,,,,,,,,,,,,,,,,,,,,,,,,,,,,,,,,,,,,
Ferriss,in prep,86.2,bulk H,1000,0.0001,Ni-NiO-2.6,-13.1,dehydration,kiki,b,7,bulk,-12.2,0.4,92,no,polarized FTIR E ,,,,,,,,,,,,,,,,,,,,,,,,,,,,,,,,,,,,,,,,,,,,,,,,,,,,,,,,,,,,,,,,,,,,,,,,,,,,,,,,,,,,,,,,,,,,,,,,,,,,,,,,,,,,,,,,,,,,,,,,,,,,,,,,,,,,,,,,,,,,,,,,,,,,,,,,,,,,,,,,,,,,,,,,,,,,,,,,,,,,,,,,,,,,,,,,,,,,,,,,,,,,,,,,,,,,,,,,,,,,,,,,,,,,,,,,,,,,,,,,,,,,,,,,,,,,,,,,,,,,,,,,,,,,,,,,,,,,,,,,,,,,,,,,,,,,,,,,,,,,,,,,,,,,,,,,,,,,,,,,,,,,,,,,,,,,,,,,,,,,,,,,,,,,,,,,,,,,,,,,,,,,,,,,,,,,,,,,,,,,,,,,,,,,,,,,,,,,,,,,,,,,,,,,,,,,,,,,,,,,,,,,,,,,,,,,,,,,,,,,,,,,,,,,,,,,,,,,,,,,,,,,,,,,,,,,,,,,,,,,,,,,,,,,,,,,,,,,,,,,,,,,,,,,,,,,,,,,,,,,,,,,,,,,,,,,,,,,,,,,,,,,,,,,,,,,,,,,,,,,,,,,,,,,,,,,,,,,,,,,,,,,,,,,,,,,,,,,,,,,,,,,,,,,,,,,,,,,,,,,,,,,,,,,,,,,,,,,,,,,,,,,,,,,,,,,,,,,,,,,,,,,,,,,,,,,,,,,,,,,,,,,,,,,,,,,,,,,,,,,,,,,,,,,,,,,,,,,,,,,,,,,,,,,,,,,,,,,,,,,,,,,,,,,,,,,,,,,,,,,,,,,,,,,,,,,,,,,,,,,,,,,,,,,,,,,,,,,,,,,,,,,,,,,,,,,,,,,,,,,,,,,,,,,,,,,,,,,,,,,,,,,,,,,,,,,,,,,,,,,,,,,,,,,,,,,,,,,,,,,,,,,,,,,,,,,,,,,,,,,,,,,,,,,,,,,,,,,,,,,,,,,,,,,,,,,,,,,,,,,,,,,,,,,,,,,,,,,,,,,,,,,,,,,,,,,,,,,,,,,,,,,,,,,,,,,,,,,,,,,,,,,,,
Ferriss,in prep,86.2,bulk H,1000,0.0001,Ni-NiO-2.6,-13.1,dehydration,kiki,c,7,bulk,-11.9,0.4,92,no,polarized FTIR E ,,,,,,,,,,,,,,,,,,,,,,,,,,,,,,,,,,,,,,,,,,,,,,,,,,,,,,,,,,,,,,,,,,,,,,,,,,,,,,,,,,,,,,,,,,,,,,,,,,,,,,,,,,,,,,,,,,,,,,,,,,,,,,,,,,,,,,,,,,,,,,,,,,,,,,,,,,,,,,,,,,,,,,,,,,,,,,,,,,,,,,,,,,,,,,,,,,,,,,,,,,,,,,,,,,,,,,,,,,,,,,,,,,,,,,,,,,,,,,,,,,,,,,,,,,,,,,,,,,,,,,,,,,,,,,,,,,,,,,,,,,,,,,,,,,,,,,,,,,,,,,,,,,,,,,,,,,,,,,,,,,,,,,,,,,,,,,,,,,,,,,,,,,,,,,,,,,,,,,,,,,,,,,,,,,,,,,,,,,,,,,,,,,,,,,,,,,,,,,,,,,,,,,,,,,,,,,,,,,,,,,,,,,,,,,,,,,,,,,,,,,,,,,,,,,,,,,,,,,,,,,,,,,,,,,,,,,,,,,,,,,,,,,,,,,,,,,,,,,,,,,,,,,,,,,,,,,,,,,,,,,,,,,,,,,,,,,,,,,,,,,,,,,,,,,,,,,,,,,,,,,,,,,,,,,,,,,,,,,,,,,,,,,,,,,,,,,,,,,,,,,,,,,,,,,,,,,,,,,,,,,,,,,,,,,,,,,,,,,,,,,,,,,,,,,,,,,,,,,,,,,,,,,,,,,,,,,,,,,,,,,,,,,,,,,,,,,,,,,,,,,,,,,,,,,,,,,,,,,,,,,,,,,,,,,,,,,,,,,,,,,,,,,,,,,,,,,,,,,,,,,,,,,,,,,,,,,,,,,,,,,,,,,,,,,,,,,,,,,,,,,,,,,,,,,,,,,,,,,,,,,,,,,,,,,,,,,,,,,,,,,,,,,,,,,,,,,,,,,,,,,,,,,,,,,,,,,,,,,,,,,,,,,,,,,,,,,,,,,,,,,,,,,,,,,,,,,,,,,,,,,,,,,,,,,,,,,,,,,,,,,,,,,,,,,,,,,,,,,,,,,,,,,,,,,,,,,,,,,,,,,,,,,,,,,,,,,,,,,,,,,,,,,
Ferriss,in prep,86.2,bulk H,1000,0.0001,Ni-NiO+1.9,-8.4,dehydration,kiki,a,8,bulk,-10.9,0.4,92,no,polarized FTIR E ,,,,,,,,,,,,,,,,,,,,,,,,,,,,,,,,,,,,,,,,,,,,,,,,,,,,,,,,,,,,,,,,,,,,,,,,,,,,,,,,,,,,,,,,,,,,,,,,,,,,,,,,,,,,,,,,,,,,,,,,,,,,,,,,,,,,,,,,,,,,,,,,,,,,,,,,,,,,,,,,,,,,,,,,,,,,,,,,,,,,,,,,,,,,,,,,,,,,,,,,,,,,,,,,,,,,,,,,,,,,,,,,,,,,,,,,,,,,,,,,,,,,,,,,,,,,,,,,,,,,,,,,,,,,,,,,,,,,,,,,,,,,,,,,,,,,,,,,,,,,,,,,,,,,,,,,,,,,,,,,,,,,,,,,,,,,,,,,,,,,,,,,,,,,,,,,,,,,,,,,,,,,,,,,,,,,,,,,,,,,,,,,,,,,,,,,,,,,,,,,,,,,,,,,,,,,,,,,,,,,,,,,,,,,,,,,,,,,,,,,,,,,,,,,,,,,,,,,,,,,,,,,,,,,,,,,,,,,,,,,,,,,,,,,,,,,,,,,,,,,,,,,,,,,,,,,,,,,,,,,,,,,,,,,,,,,,,,,,,,,,,,,,,,,,,,,,,,,,,,,,,,,,,,,,,,,,,,,,,,,,,,,,,,,,,,,,,,,,,,,,,,,,,,,,,,,,,,,,,,,,,,,,,,,,,,,,,,,,,,,,,,,,,,,,,,,,,,,,,,,,,,,,,,,,,,,,,,,,,,,,,,,,,,,,,,,,,,,,,,,,,,,,,,,,,,,,,,,,,,,,,,,,,,,,,,,,,,,,,,,,,,,,,,,,,,,,,,,,,,,,,,,,,,,,,,,,,,,,,,,,,,,,,,,,,,,,,,,,,,,,,,,,,,,,,,,,,,,,,,,,,,,,,,,,,,,,,,,,,,,,,,,,,,,,,,,,,,,,,,,,,,,,,,,,,,,,,,,,,,,,,,,,,,,,,,,,,,,,,,,,,,,,,,,,,,,,,,,,,,,,,,,,,,,,,,,,,,,,,,,,,,,,,,,,,,,,,,,,,,,,,,,,,,,,,,,,,,,,,,,,,,,,,,,,,,,,,,,,,,,,,,,,,
Ferriss,in prep,86.2,bulk H,1000,0.0001,Ni-NiO+1.9,-8.4,dehydration,kiki,b,8,bulk,-12.2,0.4,92,no,polarized FTIR E ,,,,,,,,,,,,,,,,,,,,,,,,,,,,,,,,,,,,,,,,,,,,,,,,,,,,,,,,,,,,,,,,,,,,,,,,,,,,,,,,,,,,,,,,,,,,,,,,,,,,,,,,,,,,,,,,,,,,,,,,,,,,,,,,,,,,,,,,,,,,,,,,,,,,,,,,,,,,,,,,,,,,,,,,,,,,,,,,,,,,,,,,,,,,,,,,,,,,,,,,,,,,,,,,,,,,,,,,,,,,,,,,,,,,,,,,,,,,,,,,,,,,,,,,,,,,,,,,,,,,,,,,,,,,,,,,,,,,,,,,,,,,,,,,,,,,,,,,,,,,,,,,,,,,,,,,,,,,,,,,,,,,,,,,,,,,,,,,,,,,,,,,,,,,,,,,,,,,,,,,,,,,,,,,,,,,,,,,,,,,,,,,,,,,,,,,,,,,,,,,,,,,,,,,,,,,,,,,,,,,,,,,,,,,,,,,,,,,,,,,,,,,,,,,,,,,,,,,,,,,,,,,,,,,,,,,,,,,,,,,,,,,,,,,,,,,,,,,,,,,,,,,,,,,,,,,,,,,,,,,,,,,,,,,,,,,,,,,,,,,,,,,,,,,,,,,,,,,,,,,,,,,,,,,,,,,,,,,,,,,,,,,,,,,,,,,,,,,,,,,,,,,,,,,,,,,,,,,,,,,,,,,,,,,,,,,,,,,,,,,,,,,,,,,,,,,,,,,,,,,,,,,,,,,,,,,,,,,,,,,,,,,,,,,,,,,,,,,,,,,,,,,,,,,,,,,,,,,,,,,,,,,,,,,,,,,,,,,,,,,,,,,,,,,,,,,,,,,,,,,,,,,,,,,,,,,,,,,,,,,,,,,,,,,,,,,,,,,,,,,,,,,,,,,,,,,,,,,,,,,,,,,,,,,,,,,,,,,,,,,,,,,,,,,,,,,,,,,,,,,,,,,,,,,,,,,,,,,,,,,,,,,,,,,,,,,,,,,,,,,,,,,,,,,,,,,,,,,,,,,,,,,,,,,,,,,,,,,,,,,,,,,,,,,,,,,,,,,,,,,,,,,,,,,,,,,,,,,,,,,,,,,,,,,,,,,,,,,,,,,,,,,,,
Ferriss,in prep,86.2,bulk H,1000,0.0001,Ni-NiO+1.9,-8.4,dehydration,kiki,c,8,bulk,-11.9,0.4,92,no,polarized FTIR E ,,,,,,,,,,,,,,,,,,,,,,,,,,,,,,,,,,,,,,,,,,,,,,,,,,,,,,,,,,,,,,,,,,,,,,,,,,,,,,,,,,,,,,,,,,,,,,,,,,,,,,,,,,,,,,,,,,,,,,,,,,,,,,,,,,,,,,,,,,,,,,,,,,,,,,,,,,,,,,,,,,,,,,,,,,,,,,,,,,,,,,,,,,,,,,,,,,,,,,,,,,,,,,,,,,,,,,,,,,,,,,,,,,,,,,,,,,,,,,,,,,,,,,,,,,,,,,,,,,,,,,,,,,,,,,,,,,,,,,,,,,,,,,,,,,,,,,,,,,,,,,,,,,,,,,,,,,,,,,,,,,,,,,,,,,,,,,,,,,,,,,,,,,,,,,,,,,,,,,,,,,,,,,,,,,,,,,,,,,,,,,,,,,,,,,,,,,,,,,,,,,,,,,,,,,,,,,,,,,,,,,,,,,,,,,,,,,,,,,,,,,,,,,,,,,,,,,,,,,,,,,,,,,,,,,,,,,,,,,,,,,,,,,,,,,,,,,,,,,,,,,,,,,,,,,,,,,,,,,,,,,,,,,,,,,,,,,,,,,,,,,,,,,,,,,,,,,,,,,,,,,,,,,,,,,,,,,,,,,,,,,,,,,,,,,,,,,,,,,,,,,,,,,,,,,,,,,,,,,,,,,,,,,,,,,,,,,,,,,,,,,,,,,,,,,,,,,,,,,,,,,,,,,,,,,,,,,,,,,,,,,,,,,,,,,,,,,,,,,,,,,,,,,,,,,,,,,,,,,,,,,,,,,,,,,,,,,,,,,,,,,,,,,,,,,,,,,,,,,,,,,,,,,,,,,,,,,,,,,,,,,,,,,,,,,,,,,,,,,,,,,,,,,,,,,,,,,,,,,,,,,,,,,,,,,,,,,,,,,,,,,,,,,,,,,,,,,,,,,,,,,,,,,,,,,,,,,,,,,,,,,,,,,,,,,,,,,,,,,,,,,,,,,,,,,,,,,,,,,,,,,,,,,,,,,,,,,,,,,,,,,,,,,,,,,,,,,,,,,,,,,,,,,,,,,,,,,,,,,,,,,,,,,,,,,,,,,,,,,,,,,,,,,
,,,,,,,,,,,,,,,,,,,,,,,,,,,,,,,,,,,,,,,,,,,,,,,,,,,,,,,,,,,,,,,,,,,,,,,,,,,,,,,,,,,,,,,,,,,,,,,,,,,,,,,,,,,,,,,,,,,,,,,,,,,,,,,,,,,,,,,,,,,,,,,,,,,,,,,,,,,,,,,,,,,,,,,,,,,,,,,,,,,,,,,,,,,,,,,,,,,,,,,,,,,,,,,,,,,,,,,,,,,,,,,,,,,,,,,,,,,,,,,,,,,,,,,,,,,,,,,,,,,,,,,,,,,,,,,,,,,,,,,,,,,,,,,,,,,,,,,,,,,,,,,,,,,,,,,,,,,,,,,,,,,,,,,,,,,,,,,,,,,,,,,,,,,,,,,,,,,,,,,,,,,,,,,,,,,,,,,,,,,,,,,,,,,,,,,,,,,,,,,,,,,,,,,,,,,,,,,,,,,,,,,,,,,,,,,,,,,,,,,,,,,,,,,,,,,,,,,,,,,,,,,,,,,,,,,,,,,,,,,,,,,,,,,,,,,,,,,,,,,,,,,,,,,,,,,,,,,,,,,,,,,,,,,,,,,,,,,,,,,,,,,,,,,,,,,,,,,,,,,,,,,,,,,,,,,,,,,,,,,,,,,,,,,,,,,,,,,,,,,,,,,,,,,,,,,,,,,,,,,,,,,,,,,,,,,,,,,,,,,,,,,,,,,,,,,,,,,,,,,,,,,,,,,,,,,,,,,,,,,,,,,,,,,,,,,,,,,,,,,,,,,,,,,,,,,,,,,,,,,,,,,,,,,,,,,,,,,,,,,,,,,,,,,,,,,,,,,,,,,,,,,,,,,,,,,,,,,,,,,,,,,,,,,,,,,,,,,,,,,,,,,,,,,,,,,,,,,,,,,,,,,,,,,,,,,,,,,,,,,,,,,,,,,,,,,,,,,,,,,,,,,,,,,,,,,,,,,,,,,,,,,,,,,,,,,,,,,,,,,,,,,,,,,,,,,,,,,,,,,,,,,,,,,,,,,,,,,,,,,,,,,,,,,,,,,,,,,,,,,,,,,,,,,,,,,,,,,,,,,,,,,,,,,,,,,,,,,,,,,,,,,,,,,,,,,,,,,,,,,,,,,
Ferriss,in prep,86.2,3600,800,0.0001,Ni-NiO-2.6,-16.75,dehydration,kiki,a,1,[Si],,,,,polarized FTIR E ,,,,,,,,,,,,,,,,,,,,,,,,,,,,,,,,,,,,,,,,,,,,,,,,,,,,,,,,,,,,,,,,,,,,,,,,,,,,,,,,,,,,,,,,,,,,,,,,,,,,,,,,,,,,,,,,,,,,,,,,,,,,,,,,,,,,,,,,,,,,,,,,,,,,,,,,,,,,,,,,,,,,,,,,,,,,,,,,,,,,,,,,,,,,,,,,,,,,,,,,,,,,,,,,,,,,,,,,,,,,,,,,,,,,,,,,,,,,,,,,,,,,,,,,,,,,,,,,,,,,,,,,,,,,,,,,,,,,,,,,,,,,,,,,,,,,,,,,,,,,,,,,,,,,,,,,,,,,,,,,,,,,,,,,,,,,,,,,,,,,,,,,,,,,,,,,,,,,,,,,,,,,,,,,,,,,,,,,,,,,,,,,,,,,,,,,,,,,,,,,,,,,,,,,,,,,,,,,,,,,,,,,,,,,,,,,,,,,,,,,,,,,,,,,,,,,,,,,,,,,,,,,,,,,,,,,,,,,,,,,,,,,,,,,,,,,,,,,,,,,,,,,,,,,,,,,,,,,,,,,,,,,,,,,,,,,,,,,,,,,,,,,,,,,,,,,,,,,,,,,,,,,,,,,,,,,,,,,,,,,,,,,,,,,,,,,,,,,,,,,,,,,,,,,,,,,,,,,,,,,,,,,,,,,,,,,,,,,,,,,,,,,,,,,,,,,,,,,,,,,,,,,,,,,,,,,,,,,,,,,,,,,,,,,,,,,,,,,,,,,,,,,,,,,,,,,,,,,,,,,,,,,,,,,,,,,,,,,,,,,,,,,,,,,,,,,,,,,,,,,,,,,,,,,,,,,,,,,,,,,,,,,,,,,,,,,,,,,,,,,,,,,,,,,,,,,,,,,,,,,,,,,,,,,,,,,,,,,,,,,,,,,,,,,,,,,,,,,,,,,,,,,,,,,,,,,,,,,,,,,,,,,,,,,,,,,,,,,,,,,,,,,,,,,,,,,,,,,,,,,,,,,,,,,,,,,,,,,,,,,,,,,,,,,,,,,,,,,,,,,,,,,,,,,,,,,,,,,,,,,,,,,,,,,,,,,,,,,,,,,,,,,,,
Ferriss,in prep,86.2,3600,800,0.0001,Ni-NiO-2.6,-16.75,dehydration,kiki,b,1,[Si],,,,,polarized FTIR E ,,,,,,,,,,,,,,,,,,,,,,,,,,,,,,,,,,,,,,,,,,,,,,,,,,,,,,,,,,,,,,,,,,,,,,,,,,,,,,,,,,,,,,,,,,,,,,,,,,,,,,,,,,,,,,,,,,,,,,,,,,,,,,,,,,,,,,,,,,,,,,,,,,,,,,,,,,,,,,,,,,,,,,,,,,,,,,,,,,,,,,,,,,,,,,,,,,,,,,,,,,,,,,,,,,,,,,,,,,,,,,,,,,,,,,,,,,,,,,,,,,,,,,,,,,,,,,,,,,,,,,,,,,,,,,,,,,,,,,,,,,,,,,,,,,,,,,,,,,,,,,,,,,,,,,,,,,,,,,,,,,,,,,,,,,,,,,,,,,,,,,,,,,,,,,,,,,,,,,,,,,,,,,,,,,,,,,,,,,,,,,,,,,,,,,,,,,,,,,,,,,,,,,,,,,,,,,,,,,,,,,,,,,,,,,,,,,,,,,,,,,,,,,,,,,,,,,,,,,,,,,,,,,,,,,,,,,,,,,,,,,,,,,,,,,,,,,,,,,,,,,,,,,,,,,,,,,,,,,,,,,,,,,,,,,,,,,,,,,,,,,,,,,,,,,,,,,,,,,,,,,,,,,,,,,,,,,,,,,,,,,,,,,,,,,,,,,,,,,,,,,,,,,,,,,,,,,,,,,,,,,,,,,,,,,,,,,,,,,,,,,,,,,,,,,,,,,,,,,,,,,,,,,,,,,,,,,,,,,,,,,,,,,,,,,,,,,,,,,,,,,,,,,,,,,,,,,,,,,,,,,,,,,,,,,,,,,,,,,,,,,,,,,,,,,,,,,,,,,,,,,,,,,,,,,,,,,,,,,,,,,,,,,,,,,,,,,,,,,,,,,,,,,,,,,,,,,,,,,,,,,,,,,,,,,,,,,,,,,,,,,,,,,,,,,,,,,,,,,,,,,,,,,,,,,,,,,,,,,,,,,,,,,,,,,,,,,,,,,,,,,,,,,,,,,,,,,,,,,,,,,,,,,,,,,,,,,,,,,,,,,,,,,,,,,,,,,,,,,,,,,,,,,,,,,,,,,,,,,,,,,,,,,,,,,,,,,,,,,,,,,,,,,
Ferriss,in prep,86.2,3600,800,0.0001,Ni-NiO-2.6,-16.75,dehydration,kiki,c,1,[Si],,,,,polarized FTIR E ,,,,,,,,,,,,,,,,,,,,,,,,,,,,,,,,,,,,,,,,,,,,,,,,,,,,,,,,,,,,,,,,,,,,,,,,,,,,,,,,,,,,,,,,,,,,,,,,,,,,,,,,,,,,,,,,,,,,,,,,,,,,,,,,,,,,,,,,,,,,,,,,,,,,,,,,,,,,,,,,,,,,,,,,,,,,,,,,,,,,,,,,,,,,,,,,,,,,,,,,,,,,,,,,,,,,,,,,,,,,,,,,,,,,,,,,,,,,,,,,,,,,,,,,,,,,,,,,,,,,,,,,,,,,,,,,,,,,,,,,,,,,,,,,,,,,,,,,,,,,,,,,,,,,,,,,,,,,,,,,,,,,,,,,,,,,,,,,,,,,,,,,,,,,,,,,,,,,,,,,,,,,,,,,,,,,,,,,,,,,,,,,,,,,,,,,,,,,,,,,,,,,,,,,,,,,,,,,,,,,,,,,,,,,,,,,,,,,,,,,,,,,,,,,,,,,,,,,,,,,,,,,,,,,,,,,,,,,,,,,,,,,,,,,,,,,,,,,,,,,,,,,,,,,,,,,,,,,,,,,,,,,,,,,,,,,,,,,,,,,,,,,,,,,,,,,,,,,,,,,,,,,,,,,,,,,,,,,,,,,,,,,,,,,,,,,,,,,,,,,,,,,,,,,,,,,,,,,,,,,,,,,,,,,,,,,,,,,,,,,,,,,,,,,,,,,,,,,,,,,,,,,,,,,,,,,,,,,,,,,,,,,,,,,,,,,,,,,,,,,,,,,,,,,,,,,,,,,,,,,,,,,,,,,,,,,,,,,,,,,,,,,,,,,,,,,,,,,,,,,,,,,,,,,,,,,,,,,,,,,,,,,,,,,,,,,,,,,,,,,,,,,,,,,,,,,,,,,,,,,,,,,,,,,,,,,,,,,,,,,,,,,,,,,,,,,,,,,,,,,,,,,,,,,,,,,,,,,,,,,,,,,,,,,,,,,,,,,,,,,,,,,,,,,,,,,,,,,,,,,,,,,,,,,,,,,,,,,,,,,,,,,,,,,,,,,,,,,,,,,,,,,,,,,,,,,,,,,,,,,,,,,,,,,,,,,,,,,,,,,,,,,,,
Ferriss,in prep,86.2,3600,800,0.0001,Ni-NiO-2.6,-16.75,dehydration,kiki,a,8,[Si],,,,,polarized FTIR E ,,,,,,,,,,,,,,,,,,,,,,,,,,,,,,,,,,,,,,,,,,,,,,,,,,,,,,,,,,,,,,,,,,,,,,,,,,,,,,,,,,,,,,,,,,,,,,,,,,,,,,,,,,,,,,,,,,,,,,,,,,,,,,,,,,,,,,,,,,,,,,,,,,,,,,,,,,,,,,,,,,,,,,,,,,,,,,,,,,,,,,,,,,,,,,,,,,,,,,,,,,,,,,,,,,,,,,,,,,,,,,,,,,,,,,,,,,,,,,,,,,,,,,,,,,,,,,,,,,,,,,,,,,,,,,,,,,,,,,,,,,,,,,,,,,,,,,,,,,,,,,,,,,,,,,,,,,,,,,,,,,,,,,,,,,,,,,,,,,,,,,,,,,,,,,,,,,,,,,,,,,,,,,,,,,,,,,,,,,,,,,,,,,,,,,,,,,,,,,,,,,,,,,,,,,,,,,,,,,,,,,,,,,,,,,,,,,,,,,,,,,,,,,,,,,,,,,,,,,,,,,,,,,,,,,,,,,,,,,,,,,,,,,,,,,,,,,,,,,,,,,,,,,,,,,,,,,,,,,,,,,,,,,,,,,,,,,,,,,,,,,,,,,,,,,,,,,,,,,,,,,,,,,,,,,,,,,,,,,,,,,,,,,,,,,,,,,,,,,,,,,,,,,,,,,,,,,,,,,,,,,,,,,,,,,,,,,,,,,,,,,,,,,,,,,,,,,,,,,,,,,,,,,,,,,,,,,,,,,,,,,,,,,,,,,,,,,,,,,,,,,,,,,,,,,,,,,,,,,,,,,,,,,,,,,,,,,,,,,,,,,,,,,,,,,,,,,,,,,,,,,,,,,,,,,,,,,,,,,,,,,,,,,,,,,,,,,,,,,,,,,,,,,,,,,,,,,,,,,,,,,,,,,,,,,,,,,,,,,,,,,,,,,,,,,,,,,,,,,,,,,,,,,,,,,,,,,,,,,,,,,,,,,,,,,,,,,,,,,,,,,,,,,,,,,,,,,,,,,,,,,,,,,,,,,,,,,,,,,,,,,,,,,,,,,,,,,,,,,,,,,,,,,,,,,,,,,,,,,,,,,,,,,,,,,,,,,,,,,,,,,,,,,
Ferriss,in prep,86.2,3600,800,0.0001,Ni-NiO-2.6,-16.75,dehydration,kiki,b,8,[Si],,,,,polarized FTIR E ,,,,,,,,,,,,,,,,,,,,,,,,,,,,,,,,,,,,,,,,,,,,,,,,,,,,,,,,,,,,,,,,,,,,,,,,,,,,,,,,,,,,,,,,,,,,,,,,,,,,,,,,,,,,,,,,,,,,,,,,,,,,,,,,,,,,,,,,,,,,,,,,,,,,,,,,,,,,,,,,,,,,,,,,,,,,,,,,,,,,,,,,,,,,,,,,,,,,,,,,,,,,,,,,,,,,,,,,,,,,,,,,,,,,,,,,,,,,,,,,,,,,,,,,,,,,,,,,,,,,,,,,,,,,,,,,,,,,,,,,,,,,,,,,,,,,,,,,,,,,,,,,,,,,,,,,,,,,,,,,,,,,,,,,,,,,,,,,,,,,,,,,,,,,,,,,,,,,,,,,,,,,,,,,,,,,,,,,,,,,,,,,,,,,,,,,,,,,,,,,,,,,,,,,,,,,,,,,,,,,,,,,,,,,,,,,,,,,,,,,,,,,,,,,,,,,,,,,,,,,,,,,,,,,,,,,,,,,,,,,,,,,,,,,,,,,,,,,,,,,,,,,,,,,,,,,,,,,,,,,,,,,,,,,,,,,,,,,,,,,,,,,,,,,,,,,,,,,,,,,,,,,,,,,,,,,,,,,,,,,,,,,,,,,,,,,,,,,,,,,,,,,,,,,,,,,,,,,,,,,,,,,,,,,,,,,,,,,,,,,,,,,,,,,,,,,,,,,,,,,,,,,,,,,,,,,,,,,,,,,,,,,,,,,,,,,,,,,,,,,,,,,,,,,,,,,,,,,,,,,,,,,,,,,,,,,,,,,,,,,,,,,,,,,,,,,,,,,,,,,,,,,,,,,,,,,,,,,,,,,,,,,,,,,,,,,,,,,,,,,,,,,,,,,,,,,,,,,,,,,,,,,,,,,,,,,,,,,,,,,,,,,,,,,,,,,,,,,,,,,,,,,,,,,,,,,,,,,,,,,,,,,,,,,,,,,,,,,,,,,,,,,,,,,,,,,,,,,,,,,,,,,,,,,,,,,,,,,,,,,,,,,,,,,,,,,,,,,,,,,,,,,,,,,,,,,,,,,,,,,,,,,,,,,,,,,,,,,,,,,,,,,,,
Ferriss,in prep,86.2,3600,800,0.0001,Ni-NiO-2.6,-16.75,dehydration,kiki,c,8,[Si],,,,,polarized FTIR E ,,,,,,,,,,,,,,,,,,,,,,,,,,,,,,,,,,,,,,,,,,,,,,,,,,,,,,,,,,,,,,,,,,,,,,,,,,,,,,,,,,,,,,,,,,,,,,,,,,,,,,,,,,,,,,,,,,,,,,,,,,,,,,,,,,,,,,,,,,,,,,,,,,,,,,,,,,,,,,,,,,,,,,,,,,,,,,,,,,,,,,,,,,,,,,,,,,,,,,,,,,,,,,,,,,,,,,,,,,,,,,,,,,,,,,,,,,,,,,,,,,,,,,,,,,,,,,,,,,,,,,,,,,,,,,,,,,,,,,,,,,,,,,,,,,,,,,,,,,,,,,,,,,,,,,,,,,,,,,,,,,,,,,,,,,,,,,,,,,,,,,,,,,,,,,,,,,,,,,,,,,,,,,,,,,,,,,,,,,,,,,,,,,,,,,,,,,,,,,,,,,,,,,,,,,,,,,,,,,,,,,,,,,,,,,,,,,,,,,,,,,,,,,,,,,,,,,,,,,,,,,,,,,,,,,,,,,,,,,,,,,,,,,,,,,,,,,,,,,,,,,,,,,,,,,,,,,,,,,,,,,,,,,,,,,,,,,,,,,,,,,,,,,,,,,,,,,,,,,,,,,,,,,,,,,,,,,,,,,,,,,,,,,,,,,,,,,,,,,,,,,,,,,,,,,,,,,,,,,,,,,,,,,,,,,,,,,,,,,,,,,,,,,,,,,,,,,,,,,,,,,,,,,,,,,,,,,,,,,,,,,,,,,,,,,,,,,,,,,,,,,,,,,,,,,,,,,,,,,,,,,,,,,,,,,,,,,,,,,,,,,,,,,,,,,,,,,,,,,,,,,,,,,,,,,,,,,,,,,,,,,,,,,,,,,,,,,,,,,,,,,,,,,,,,,,,,,,,,,,,,,,,,,,,,,,,,,,,,,,,,,,,,,,,,,,,,,,,,,,,,,,,,,,,,,,,,,,,,,,,,,,,,,,,,,,,,,,,,,,,,,,,,,,,,,,,,,,,,,,,,,,,,,,,,,,,,,,,,,,,,,,,,,,,,,,,,,,,,,,,,,,,,,,,,,,,,,,,,,,,,,,,,,,,,,,,,,,,,,,,,,,,,,
Ferriss,in prep,86.2,3600,1000,0.0001,Ni-NiO-2.6,-13.1,dehydration,kiki,a,3,[Si],-10.7,0.3,88,no,polarized FTIR E ,,,,,,,,,,,,,,,,,,,,,,,,,,,,,,,,,,,,,,,,,,,,,,,,,,,,,,,,,,,,,,,,,,,,,,,,,,,,,,,,,,,,,,,,,,,,,,,,,,,,,,,,,,,,,,,,,,,,,,,,,,,,,,,,,,,,,,,,,,,,,,,,,,,,,,,,,,,,,,,,,,,,,,,,,,,,,,,,,,,,,,,,,,,,,,,,,,,,,,,,,,,,,,,,,,,,,,,,,,,,,,,,,,,,,,,,,,,,,,,,,,,,,,,,,,,,,,,,,,,,,,,,,,,,,,,,,,,,,,,,,,,,,,,,,,,,,,,,,,,,,,,,,,,,,,,,,,,,,,,,,,,,,,,,,,,,,,,,,,,,,,,,,,,,,,,,,,,,,,,,,,,,,,,,,,,,,,,,,,,,,,,,,,,,,,,,,,,,,,,,,,,,,,,,,,,,,,,,,,,,,,,,,,,,,,,,,,,,,,,,,,,,,,,,,,,,,,,,,,,,,,,,,,,,,,,,,,,,,,,,,,,,,,,,,,,,,,,,,,,,,,,,,,,,,,,,,,,,,,,,,,,,,,,,,,,,,,,,,,,,,,,,,,,,,,,,,,,,,,,,,,,,,,,,,,,,,,,,,,,,,,,,,,,,,,,,,,,,,,,,,,,,,,,,,,,,,,,,,,,,,,,,,,,,,,,,,,,,,,,,,,,,,,,,,,,,,,,,,,,,,,,,,,,,,,,,,,,,,,,,,,,,,,,,,,,,,,,,,,,,,,,,,,,,,,,,,,,,,,,,,,,,,,,,,,,,,,,,,,,,,,,,,,,,,,,,,,,,,,,,,,,,,,,,,,,,,,,,,,,,,,,,,,,,,,,,,,,,,,,,,,,,,,,,,,,,,,,,,,,,,,,,,,,,,,,,,,,,,,,,,,,,,,,,,,,,,,,,,,,,,,,,,,,,,,,,,,,,,,,,,,,,,,,,,,,,,,,,,,,,,,,,,,,,,,,,,,,,,,,,,,,,,,,,,,,,,,,,,,,,,,,,,,,,,,,,,,,,,,,,,,,,,,,,,,,,,,,,,,,,,,,,,,,,,,,,,,,,,,,,,,,,,,
Ferriss,in prep,86.2,3600,1000,0.0001,Ni-NiO-2.6,-13.1,dehydration,kiki,b,3,[Si],-12,0.3,88,no,polarized FTIR E ,,,,,,,,,,,,,,,,,,,,,,,,,,,,,,,,,,,,,,,,,,,,,,,,,,,,,,,,,,,,,,,,,,,,,,,,,,,,,,,,,,,,,,,,,,,,,,,,,,,,,,,,,,,,,,,,,,,,,,,,,,,,,,,,,,,,,,,,,,,,,,,,,,,,,,,,,,,,,,,,,,,,,,,,,,,,,,,,,,,,,,,,,,,,,,,,,,,,,,,,,,,,,,,,,,,,,,,,,,,,,,,,,,,,,,,,,,,,,,,,,,,,,,,,,,,,,,,,,,,,,,,,,,,,,,,,,,,,,,,,,,,,,,,,,,,,,,,,,,,,,,,,,,,,,,,,,,,,,,,,,,,,,,,,,,,,,,,,,,,,,,,,,,,,,,,,,,,,,,,,,,,,,,,,,,,,,,,,,,,,,,,,,,,,,,,,,,,,,,,,,,,,,,,,,,,,,,,,,,,,,,,,,,,,,,,,,,,,,,,,,,,,,,,,,,,,,,,,,,,,,,,,,,,,,,,,,,,,,,,,,,,,,,,,,,,,,,,,,,,,,,,,,,,,,,,,,,,,,,,,,,,,,,,,,,,,,,,,,,,,,,,,,,,,,,,,,,,,,,,,,,,,,,,,,,,,,,,,,,,,,,,,,,,,,,,,,,,,,,,,,,,,,,,,,,,,,,,,,,,,,,,,,,,,,,,,,,,,,,,,,,,,,,,,,,,,,,,,,,,,,,,,,,,,,,,,,,,,,,,,,,,,,,,,,,,,,,,,,,,,,,,,,,,,,,,,,,,,,,,,,,,,,,,,,,,,,,,,,,,,,,,,,,,,,,,,,,,,,,,,,,,,,,,,,,,,,,,,,,,,,,,,,,,,,,,,,,,,,,,,,,,,,,,,,,,,,,,,,,,,,,,,,,,,,,,,,,,,,,,,,,,,,,,,,,,,,,,,,,,,,,,,,,,,,,,,,,,,,,,,,,,,,,,,,,,,,,,,,,,,,,,,,,,,,,,,,,,,,,,,,,,,,,,,,,,,,,,,,,,,,,,,,,,,,,,,,,,,,,,,,,,,,,,,,,,,,,,,,,,,,,,,,,,,,,,,,,,,,,,,,,,,,,
Ferriss,in prep,86.2,3600,1000,0.0001,Ni-NiO-2.6,-13.1,dehydration,kiki,c,3,[Si],-11.9,0.3,88,no,polarized FTIR E ,,,,,,,,,,,,,,,,,,,,,,,,,,,,,,,,,,,,,,,,,,,,,,,,,,,,,,,,,,,,,,,,,,,,,,,,,,,,,,,,,,,,,,,,,,,,,,,,,,,,,,,,,,,,,,,,,,,,,,,,,,,,,,,,,,,,,,,,,,,,,,,,,,,,,,,,,,,,,,,,,,,,,,,,,,,,,,,,,,,,,,,,,,,,,,,,,,,,,,,,,,,,,,,,,,,,,,,,,,,,,,,,,,,,,,,,,,,,,,,,,,,,,,,,,,,,,,,,,,,,,,,,,,,,,,,,,,,,,,,,,,,,,,,,,,,,,,,,,,,,,,,,,,,,,,,,,,,,,,,,,,,,,,,,,,,,,,,,,,,,,,,,,,,,,,,,,,,,,,,,,,,,,,,,,,,,,,,,,,,,,,,,,,,,,,,,,,,,,,,,,,,,,,,,,,,,,,,,,,,,,,,,,,,,,,,,,,,,,,,,,,,,,,,,,,,,,,,,,,,,,,,,,,,,,,,,,,,,,,,,,,,,,,,,,,,,,,,,,,,,,,,,,,,,,,,,,,,,,,,,,,,,,,,,,,,,,,,,,,,,,,,,,,,,,,,,,,,,,,,,,,,,,,,,,,,,,,,,,,,,,,,,,,,,,,,,,,,,,,,,,,,,,,,,,,,,,,,,,,,,,,,,,,,,,,,,,,,,,,,,,,,,,,,,,,,,,,,,,,,,,,,,,,,,,,,,,,,,,,,,,,,,,,,,,,,,,,,,,,,,,,,,,,,,,,,,,,,,,,,,,,,,,,,,,,,,,,,,,,,,,,,,,,,,,,,,,,,,,,,,,,,,,,,,,,,,,,,,,,,,,,,,,,,,,,,,,,,,,,,,,,,,,,,,,,,,,,,,,,,,,,,,,,,,,,,,,,,,,,,,,,,,,,,,,,,,,,,,,,,,,,,,,,,,,,,,,,,,,,,,,,,,,,,,,,,,,,,,,,,,,,,,,,,,,,,,,,,,,,,,,,,,,,,,,,,,,,,,,,,,,,,,,,,,,,,,,,,,,,,,,,,,,,,,,,,,,,,,,,,,,,,,,,,,,,,,,,,,,,,,,,,,,,
Ferriss,in prep,86.2,3600,1000,0.0001,Ni-NiO-2.6,-13.1,dehydration,kiki,a,6,[Si],-10.7,0.3,88,no,polarized FTIR E ,,,,,,,,,,,,,,,,,,,,,,,,,,,,,,,,,,,,,,,,,,,,,,,,,,,,,,,,,,,,,,,,,,,,,,,,,,,,,,,,,,,,,,,,,,,,,,,,,,,,,,,,,,,,,,,,,,,,,,,,,,,,,,,,,,,,,,,,,,,,,,,,,,,,,,,,,,,,,,,,,,,,,,,,,,,,,,,,,,,,,,,,,,,,,,,,,,,,,,,,,,,,,,,,,,,,,,,,,,,,,,,,,,,,,,,,,,,,,,,,,,,,,,,,,,,,,,,,,,,,,,,,,,,,,,,,,,,,,,,,,,,,,,,,,,,,,,,,,,,,,,,,,,,,,,,,,,,,,,,,,,,,,,,,,,,,,,,,,,,,,,,,,,,,,,,,,,,,,,,,,,,,,,,,,,,,,,,,,,,,,,,,,,,,,,,,,,,,,,,,,,,,,,,,,,,,,,,,,,,,,,,,,,,,,,,,,,,,,,,,,,,,,,,,,,,,,,,,,,,,,,,,,,,,,,,,,,,,,,,,,,,,,,,,,,,,,,,,,,,,,,,,,,,,,,,,,,,,,,,,,,,,,,,,,,,,,,,,,,,,,,,,,,,,,,,,,,,,,,,,,,,,,,,,,,,,,,,,,,,,,,,,,,,,,,,,,,,,,,,,,,,,,,,,,,,,,,,,,,,,,,,,,,,,,,,,,,,,,,,,,,,,,,,,,,,,,,,,,,,,,,,,,,,,,,,,,,,,,,,,,,,,,,,,,,,,,,,,,,,,,,,,,,,,,,,,,,,,,,,,,,,,,,,,,,,,,,,,,,,,,,,,,,,,,,,,,,,,,,,,,,,,,,,,,,,,,,,,,,,,,,,,,,,,,,,,,,,,,,,,,,,,,,,,,,,,,,,,,,,,,,,,,,,,,,,,,,,,,,,,,,,,,,,,,,,,,,,,,,,,,,,,,,,,,,,,,,,,,,,,,,,,,,,,,,,,,,,,,,,,,,,,,,,,,,,,,,,,,,,,,,,,,,,,,,,,,,,,,,,,,,,,,,,,,,,,,,,,,,,,,,,,,,,,,,,,,,,,,,,,,,,,,,,,,,,,,,,,,,,,,,,,,,
Ferriss,in prep,86.2,3600,1000,0.0001,Ni-NiO-2.6,-13.1,dehydration,kiki,b,6,[Si],-12,0.3,88,no,polarized FTIR E ,,,,,,,,,,,,,,,,,,,,,,,,,,,,,,,,,,,,,,,,,,,,,,,,,,,,,,,,,,,,,,,,,,,,,,,,,,,,,,,,,,,,,,,,,,,,,,,,,,,,,,,,,,,,,,,,,,,,,,,,,,,,,,,,,,,,,,,,,,,,,,,,,,,,,,,,,,,,,,,,,,,,,,,,,,,,,,,,,,,,,,,,,,,,,,,,,,,,,,,,,,,,,,,,,,,,,,,,,,,,,,,,,,,,,,,,,,,,,,,,,,,,,,,,,,,,,,,,,,,,,,,,,,,,,,,,,,,,,,,,,,,,,,,,,,,,,,,,,,,,,,,,,,,,,,,,,,,,,,,,,,,,,,,,,,,,,,,,,,,,,,,,,,,,,,,,,,,,,,,,,,,,,,,,,,,,,,,,,,,,,,,,,,,,,,,,,,,,,,,,,,,,,,,,,,,,,,,,,,,,,,,,,,,,,,,,,,,,,,,,,,,,,,,,,,,,,,,,,,,,,,,,,,,,,,,,,,,,,,,,,,,,,,,,,,,,,,,,,,,,,,,,,,,,,,,,,,,,,,,,,,,,,,,,,,,,,,,,,,,,,,,,,,,,,,,,,,,,,,,,,,,,,,,,,,,,,,,,,,,,,,,,,,,,,,,,,,,,,,,,,,,,,,,,,,,,,,,,,,,,,,,,,,,,,,,,,,,,,,,,,,,,,,,,,,,,,,,,,,,,,,,,,,,,,,,,,,,,,,,,,,,,,,,,,,,,,,,,,,,,,,,,,,,,,,,,,,,,,,,,,,,,,,,,,,,,,,,,,,,,,,,,,,,,,,,,,,,,,,,,,,,,,,,,,,,,,,,,,,,,,,,,,,,,,,,,,,,,,,,,,,,,,,,,,,,,,,,,,,,,,,,,,,,,,,,,,,,,,,,,,,,,,,,,,,,,,,,,,,,,,,,,,,,,,,,,,,,,,,,,,,,,,,,,,,,,,,,,,,,,,,,,,,,,,,,,,,,,,,,,,,,,,,,,,,,,,,,,,,,,,,,,,,,,,,,,,,,,,,,,,,,,,,,,,,,,,,,,,,,,,,,,,,,,,,,,,,,,,,,,,,,,,,
Ferriss,in prep,86.2,3600,1000,0.0001,Ni-NiO-2.6,-13.1,dehydration,kiki,c,6,[Si],-11.9,0.3,88,no,polarized FTIR E ,,,,,,,,,,,,,,,,,,,,,,,,,,,,,,,,,,,,,,,,,,,,,,,,,,,,,,,,,,,,,,,,,,,,,,,,,,,,,,,,,,,,,,,,,,,,,,,,,,,,,,,,,,,,,,,,,,,,,,,,,,,,,,,,,,,,,,,,,,,,,,,,,,,,,,,,,,,,,,,,,,,,,,,,,,,,,,,,,,,,,,,,,,,,,,,,,,,,,,,,,,,,,,,,,,,,,,,,,,,,,,,,,,,,,,,,,,,,,,,,,,,,,,,,,,,,,,,,,,,,,,,,,,,,,,,,,,,,,,,,,,,,,,,,,,,,,,,,,,,,,,,,,,,,,,,,,,,,,,,,,,,,,,,,,,,,,,,,,,,,,,,,,,,,,,,,,,,,,,,,,,,,,,,,,,,,,,,,,,,,,,,,,,,,,,,,,,,,,,,,,,,,,,,,,,,,,,,,,,,,,,,,,,,,,,,,,,,,,,,,,,,,,,,,,,,,,,,,,,,,,,,,,,,,,,,,,,,,,,,,,,,,,,,,,,,,,,,,,,,,,,,,,,,,,,,,,,,,,,,,,,,,,,,,,,,,,,,,,,,,,,,,,,,,,,,,,,,,,,,,,,,,,,,,,,,,,,,,,,,,,,,,,,,,,,,,,,,,,,,,,,,,,,,,,,,,,,,,,,,,,,,,,,,,,,,,,,,,,,,,,,,,,,,,,,,,,,,,,,,,,,,,,,,,,,,,,,,,,,,,,,,,,,,,,,,,,,,,,,,,,,,,,,,,,,,,,,,,,,,,,,,,,,,,,,,,,,,,,,,,,,,,,,,,,,,,,,,,,,,,,,,,,,,,,,,,,,,,,,,,,,,,,,,,,,,,,,,,,,,,,,,,,,,,,,,,,,,,,,,,,,,,,,,,,,,,,,,,,,,,,,,,,,,,,,,,,,,,,,,,,,,,,,,,,,,,,,,,,,,,,,,,,,,,,,,,,,,,,,,,,,,,,,,,,,,,,,,,,,,,,,,,,,,,,,,,,,,,,,,,,,,,,,,,,,,,,,,,,,,,,,,,,,,,,,,,,,,,,,,,,,,,,,,,,,,,,,,,,,,,,,,,,,
Ferriss,in prep,86.2,3600,1000,0.0001,Ni-NiO-2.6,-13.1,dehydration,kiki,a,7,[Si],-10.7,0.3,88,no,polarized FTIR E ,,,,,,,,,,,,,,,,,,,,,,,,,,,,,,,,,,,,,,,,,,,,,,,,,,,,,,,,,,,,,,,,,,,,,,,,,,,,,,,,,,,,,,,,,,,,,,,,,,,,,,,,,,,,,,,,,,,,,,,,,,,,,,,,,,,,,,,,,,,,,,,,,,,,,,,,,,,,,,,,,,,,,,,,,,,,,,,,,,,,,,,,,,,,,,,,,,,,,,,,,,,,,,,,,,,,,,,,,,,,,,,,,,,,,,,,,,,,,,,,,,,,,,,,,,,,,,,,,,,,,,,,,,,,,,,,,,,,,,,,,,,,,,,,,,,,,,,,,,,,,,,,,,,,,,,,,,,,,,,,,,,,,,,,,,,,,,,,,,,,,,,,,,,,,,,,,,,,,,,,,,,,,,,,,,,,,,,,,,,,,,,,,,,,,,,,,,,,,,,,,,,,,,,,,,,,,,,,,,,,,,,,,,,,,,,,,,,,,,,,,,,,,,,,,,,,,,,,,,,,,,,,,,,,,,,,,,,,,,,,,,,,,,,,,,,,,,,,,,,,,,,,,,,,,,,,,,,,,,,,,,,,,,,,,,,,,,,,,,,,,,,,,,,,,,,,,,,,,,,,,,,,,,,,,,,,,,,,,,,,,,,,,,,,,,,,,,,,,,,,,,,,,,,,,,,,,,,,,,,,,,,,,,,,,,,,,,,,,,,,,,,,,,,,,,,,,,,,,,,,,,,,,,,,,,,,,,,,,,,,,,,,,,,,,,,,,,,,,,,,,,,,,,,,,,,,,,,,,,,,,,,,,,,,,,,,,,,,,,,,,,,,,,,,,,,,,,,,,,,,,,,,,,,,,,,,,,,,,,,,,,,,,,,,,,,,,,,,,,,,,,,,,,,,,,,,,,,,,,,,,,,,,,,,,,,,,,,,,,,,,,,,,,,,,,,,,,,,,,,,,,,,,,,,,,,,,,,,,,,,,,,,,,,,,,,,,,,,,,,,,,,,,,,,,,,,,,,,,,,,,,,,,,,,,,,,,,,,,,,,,,,,,,,,,,,,,,,,,,,,,,,,,,,,,,,,,,,,,,,,,,,,,,,,,,,,,,,,,,,,,,,,,,
Ferriss,in prep,86.2,3600,1000,0.0001,Ni-NiO-2.6,-13.1,dehydration,kiki,b,7,[Si],-12,0.3,88,no,polarized FTIR E ,,,,,,,,,,,,,,,,,,,,,,,,,,,,,,,,,,,,,,,,,,,,,,,,,,,,,,,,,,,,,,,,,,,,,,,,,,,,,,,,,,,,,,,,,,,,,,,,,,,,,,,,,,,,,,,,,,,,,,,,,,,,,,,,,,,,,,,,,,,,,,,,,,,,,,,,,,,,,,,,,,,,,,,,,,,,,,,,,,,,,,,,,,,,,,,,,,,,,,,,,,,,,,,,,,,,,,,,,,,,,,,,,,,,,,,,,,,,,,,,,,,,,,,,,,,,,,,,,,,,,,,,,,,,,,,,,,,,,,,,,,,,,,,,,,,,,,,,,,,,,,,,,,,,,,,,,,,,,,,,,,,,,,,,,,,,,,,,,,,,,,,,,,,,,,,,,,,,,,,,,,,,,,,,,,,,,,,,,,,,,,,,,,,,,,,,,,,,,,,,,,,,,,,,,,,,,,,,,,,,,,,,,,,,,,,,,,,,,,,,,,,,,,,,,,,,,,,,,,,,,,,,,,,,,,,,,,,,,,,,,,,,,,,,,,,,,,,,,,,,,,,,,,,,,,,,,,,,,,,,,,,,,,,,,,,,,,,,,,,,,,,,,,,,,,,,,,,,,,,,,,,,,,,,,,,,,,,,,,,,,,,,,,,,,,,,,,,,,,,,,,,,,,,,,,,,,,,,,,,,,,,,,,,,,,,,,,,,,,,,,,,,,,,,,,,,,,,,,,,,,,,,,,,,,,,,,,,,,,,,,,,,,,,,,,,,,,,,,,,,,,,,,,,,,,,,,,,,,,,,,,,,,,,,,,,,,,,,,,,,,,,,,,,,,,,,,,,,,,,,,,,,,,,,,,,,,,,,,,,,,,,,,,,,,,,,,,,,,,,,,,,,,,,,,,,,,,,,,,,,,,,,,,,,,,,,,,,,,,,,,,,,,,,,,,,,,,,,,,,,,,,,,,,,,,,,,,,,,,,,,,,,,,,,,,,,,,,,,,,,,,,,,,,,,,,,,,,,,,,,,,,,,,,,,,,,,,,,,,,,,,,,,,,,,,,,,,,,,,,,,,,,,,,,,,,,,,,,,,,,,,,,,,,,,,,,,,,,,,,,,,,,,,
Ferriss,in prep,86.2,3600,1000,0.0001,Ni-NiO-2.6,-13.1,dehydration,kiki,c,7,[Si],-11.9,0.3,88,no,polarized FTIR E ,,,,,,,,,,,,,,,,,,,,,,,,,,,,,,,,,,,,,,,,,,,,,,,,,,,,,,,,,,,,,,,,,,,,,,,,,,,,,,,,,,,,,,,,,,,,,,,,,,,,,,,,,,,,,,,,,,,,,,,,,,,,,,,,,,,,,,,,,,,,,,,,,,,,,,,,,,,,,,,,,,,,,,,,,,,,,,,,,,,,,,,,,,,,,,,,,,,,,,,,,,,,,,,,,,,,,,,,,,,,,,,,,,,,,,,,,,,,,,,,,,,,,,,,,,,,,,,,,,,,,,,,,,,,,,,,,,,,,,,,,,,,,,,,,,,,,,,,,,,,,,,,,,,,,,,,,,,,,,,,,,,,,,,,,,,,,,,,,,,,,,,,,,,,,,,,,,,,,,,,,,,,,,,,,,,,,,,,,,,,,,,,,,,,,,,,,,,,,,,,,,,,,,,,,,,,,,,,,,,,,,,,,,,,,,,,,,,,,,,,,,,,,,,,,,,,,,,,,,,,,,,,,,,,,,,,,,,,,,,,,,,,,,,,,,,,,,,,,,,,,,,,,,,,,,,,,,,,,,,,,,,,,,,,,,,,,,,,,,,,,,,,,,,,,,,,,,,,,,,,,,,,,,,,,,,,,,,,,,,,,,,,,,,,,,,,,,,,,,,,,,,,,,,,,,,,,,,,,,,,,,,,,,,,,,,,,,,,,,,,,,,,,,,,,,,,,,,,,,,,,,,,,,,,,,,,,,,,,,,,,,,,,,,,,,,,,,,,,,,,,,,,,,,,,,,,,,,,,,,,,,,,,,,,,,,,,,,,,,,,,,,,,,,,,,,,,,,,,,,,,,,,,,,,,,,,,,,,,,,,,,,,,,,,,,,,,,,,,,,,,,,,,,,,,,,,,,,,,,,,,,,,,,,,,,,,,,,,,,,,,,,,,,,,,,,,,,,,,,,,,,,,,,,,,,,,,,,,,,,,,,,,,,,,,,,,,,,,,,,,,,,,,,,,,,,,,,,,,,,,,,,,,,,,,,,,,,,,,,,,,,,,,,,,,,,,,,,,,,,,,,,,,,,,,,,,,,,,,,,,,,,,,,,,,,,,,,,,,,,,,,,,,,
Ferriss,in prep,86.2,3600,1000,0.0001,Ni-NiO+1.9,-8.4,dehydration,kiki,a,8,[Si],-10.7,0.3,88,no,polarized FTIR E ,,,,,,,,,,,,,,,,,,,,,,,,,,,,,,,,,,,,,,,,,,,,,,,,,,,,,,,,,,,,,,,,,,,,,,,,,,,,,,,,,,,,,,,,,,,,,,,,,,,,,,,,,,,,,,,,,,,,,,,,,,,,,,,,,,,,,,,,,,,,,,,,,,,,,,,,,,,,,,,,,,,,,,,,,,,,,,,,,,,,,,,,,,,,,,,,,,,,,,,,,,,,,,,,,,,,,,,,,,,,,,,,,,,,,,,,,,,,,,,,,,,,,,,,,,,,,,,,,,,,,,,,,,,,,,,,,,,,,,,,,,,,,,,,,,,,,,,,,,,,,,,,,,,,,,,,,,,,,,,,,,,,,,,,,,,,,,,,,,,,,,,,,,,,,,,,,,,,,,,,,,,,,,,,,,,,,,,,,,,,,,,,,,,,,,,,,,,,,,,,,,,,,,,,,,,,,,,,,,,,,,,,,,,,,,,,,,,,,,,,,,,,,,,,,,,,,,,,,,,,,,,,,,,,,,,,,,,,,,,,,,,,,,,,,,,,,,,,,,,,,,,,,,,,,,,,,,,,,,,,,,,,,,,,,,,,,,,,,,,,,,,,,,,,,,,,,,,,,,,,,,,,,,,,,,,,,,,,,,,,,,,,,,,,,,,,,,,,,,,,,,,,,,,,,,,,,,,,,,,,,,,,,,,,,,,,,,,,,,,,,,,,,,,,,,,,,,,,,,,,,,,,,,,,,,,,,,,,,,,,,,,,,,,,,,,,,,,,,,,,,,,,,,,,,,,,,,,,,,,,,,,,,,,,,,,,,,,,,,,,,,,,,,,,,,,,,,,,,,,,,,,,,,,,,,,,,,,,,,,,,,,,,,,,,,,,,,,,,,,,,,,,,,,,,,,,,,,,,,,,,,,,,,,,,,,,,,,,,,,,,,,,,,,,,,,,,,,,,,,,,,,,,,,,,,,,,,,,,,,,,,,,,,,,,,,,,,,,,,,,,,,,,,,,,,,,,,,,,,,,,,,,,,,,,,,,,,,,,,,,,,,,,,,,,,,,,,,,,,,,,,,,,,,,,,,,,,,,,,,,,,,,,,,,,,,,,,,,,,,,,,,,,,
Ferriss,in prep,86.2,3600,1000,0.0001,Ni-NiO+1.9,-8.4,dehydration,kiki,b,8,[Si],-12,0.3,88,no,polarized FTIR E ,,,,,,,,,,,,,,,,,,,,,,,,,,,,,,,,,,,,,,,,,,,,,,,,,,,,,,,,,,,,,,,,,,,,,,,,,,,,,,,,,,,,,,,,,,,,,,,,,,,,,,,,,,,,,,,,,,,,,,,,,,,,,,,,,,,,,,,,,,,,,,,,,,,,,,,,,,,,,,,,,,,,,,,,,,,,,,,,,,,,,,,,,,,,,,,,,,,,,,,,,,,,,,,,,,,,,,,,,,,,,,,,,,,,,,,,,,,,,,,,,,,,,,,,,,,,,,,,,,,,,,,,,,,,,,,,,,,,,,,,,,,,,,,,,,,,,,,,,,,,,,,,,,,,,,,,,,,,,,,,,,,,,,,,,,,,,,,,,,,,,,,,,,,,,,,,,,,,,,,,,,,,,,,,,,,,,,,,,,,,,,,,,,,,,,,,,,,,,,,,,,,,,,,,,,,,,,,,,,,,,,,,,,,,,,,,,,,,,,,,,,,,,,,,,,,,,,,,,,,,,,,,,,,,,,,,,,,,,,,,,,,,,,,,,,,,,,,,,,,,,,,,,,,,,,,,,,,,,,,,,,,,,,,,,,,,,,,,,,,,,,,,,,,,,,,,,,,,,,,,,,,,,,,,,,,,,,,,,,,,,,,,,,,,,,,,,,,,,,,,,,,,,,,,,,,,,,,,,,,,,,,,,,,,,,,,,,,,,,,,,,,,,,,,,,,,,,,,,,,,,,,,,,,,,,,,,,,,,,,,,,,,,,,,,,,,,,,,,,,,,,,,,,,,,,,,,,,,,,,,,,,,,,,,,,,,,,,,,,,,,,,,,,,,,,,,,,,,,,,,,,,,,,,,,,,,,,,,,,,,,,,,,,,,,,,,,,,,,,,,,,,,,,,,,,,,,,,,,,,,,,,,,,,,,,,,,,,,,,,,,,,,,,,,,,,,,,,,,,,,,,,,,,,,,,,,,,,,,,,,,,,,,,,,,,,,,,,,,,,,,,,,,,,,,,,,,,,,,,,,,,,,,,,,,,,,,,,,,,,,,,,,,,,,,,,,,,,,,,,,,,,,,,,,,,,,,,,,,,,,,,,,,,,,,,,,,,,,,,,,,,,,,,
Ferriss,in prep,86.2,3600,1000,0.0001,Ni-NiO+1.9,-8.4,dehydration,kiki,c,8,[Si],-11.9,0.3,88,no,polarized FTIR E ,,,,,,,,,,,,,,,,,,,,,,,,,,,,,,,,,,,,,,,,,,,,,,,,,,,,,,,,,,,,,,,,,,,,,,,,,,,,,,,,,,,,,,,,,,,,,,,,,,,,,,,,,,,,,,,,,,,,,,,,,,,,,,,,,,,,,,,,,,,,,,,,,,,,,,,,,,,,,,,,,,,,,,,,,,,,,,,,,,,,,,,,,,,,,,,,,,,,,,,,,,,,,,,,,,,,,,,,,,,,,,,,,,,,,,,,,,,,,,,,,,,,,,,,,,,,,,,,,,,,,,,,,,,,,,,,,,,,,,,,,,,,,,,,,,,,,,,,,,,,,,,,,,,,,,,,,,,,,,,,,,,,,,,,,,,,,,,,,,,,,,,,,,,,,,,,,,,,,,,,,,,,,,,,,,,,,,,,,,,,,,,,,,,,,,,,,,,,,,,,,,,,,,,,,,,,,,,,,,,,,,,,,,,,,,,,,,,,,,,,,,,,,,,,,,,,,,,,,,,,,,,,,,,,,,,,,,,,,,,,,,,,,,,,,,,,,,,,,,,,,,,,,,,,,,,,,,,,,,,,,,,,,,,,,,,,,,,,,,,,,,,,,,,,,,,,,,,,,,,,,,,,,,,,,,,,,,,,,,,,,,,,,,,,,,,,,,,,,,,,,,,,,,,,,,,,,,,,,,,,,,,,,,,,,,,,,,,,,,,,,,,,,,,,,,,,,,,,,,,,,,,,,,,,,,,,,,,,,,,,,,,,,,,,,,,,,,,,,,,,,,,,,,,,,,,,,,,,,,,,,,,,,,,,,,,,,,,,,,,,,,,,,,,,,,,,,,,,,,,,,,,,,,,,,,,,,,,,,,,,,,,,,,,,,,,,,,,,,,,,,,,,,,,,,,,,,,,,,,,,,,,,,,,,,,,,,,,,,,,,,,,,,,,,,,,,,,,,,,,,,,,,,,,,,,,,,,,,,,,,,,,,,,,,,,,,,,,,,,,,,,,,,,,,,,,,,,,,,,,,,,,,,,,,,,,,,,,,,,,,,,,,,,,,,,,,,,,,,,,,,,,,,,,,,,,,,,,,,,,,,,,,,,,,,,,,,,,,,,,,,,,,,,
,,,,,,,,,,,,,,,,,,,,,,,,,,,,,,,,,,,,,,,,,,,,,,,,,,,,,,,,,,,,,,,,,,,,,,,,,,,,,,,,,,,,,,,,,,,,,,,,,,,,,,,,,,,,,,,,,,,,,,,,,,,,,,,,,,,,,,,,,,,,,,,,,,,,,,,,,,,,,,,,,,,,,,,,,,,,,,,,,,,,,,,,,,,,,,,,,,,,,,,,,,,,,,,,,,,,,,,,,,,,,,,,,,,,,,,,,,,,,,,,,,,,,,,,,,,,,,,,,,,,,,,,,,,,,,,,,,,,,,,,,,,,,,,,,,,,,,,,,,,,,,,,,,,,,,,,,,,,,,,,,,,,,,,,,,,,,,,,,,,,,,,,,,,,,,,,,,,,,,,,,,,,,,,,,,,,,,,,,,,,,,,,,,,,,,,,,,,,,,,,,,,,,,,,,,,,,,,,,,,,,,,,,,,,,,,,,,,,,,,,,,,,,,,,,,,,,,,,,,,,,,,,,,,,,,,,,,,,,,,,,,,,,,,,,,,,,,,,,,,,,,,,,,,,,,,,,,,,,,,,,,,,,,,,,,,,,,,,,,,,,,,,,,,,,,,,,,,,,,,,,,,,,,,,,,,,,,,,,,,,,,,,,,,,,,,,,,,,,,,,,,,,,,,,,,,,,,,,,,,,,,,,,,,,,,,,,,,,,,,,,,,,,,,,,,,,,,,,,,,,,,,,,,,,,,,,,,,,,,,,,,,,,,,,,,,,,,,,,,,,,,,,,,,,,,,,,,,,,,,,,,,,,,,,,,,,,,,,,,,,,,,,,,,,,,,,,,,,,,,,,,,,,,,,,,,,,,,,,,,,,,,,,,,,,,,,,,,,,,,,,,,,,,,,,,,,,,,,,,,,,,,,,,,,,,,,,,,,,,,,,,,,,,,,,,,,,,,,,,,,,,,,,,,,,,,,,,,,,,,,,,,,,,,,,,,,,,,,,,,,,,,,,,,,,,,,,,,,,,,,,,,,,,,,,,,,,,,,,,,,,,,,,,,,,,,,,,,,,,,,,,,,,,,,,,,,,,,,,,,,,,,,,,,,,,,,,,,,,,,,,,,,,,,,,,,,,,,,,,,,,,,
Ferriss,in prep,86.2,3525,800,0.0001,Ni-NiO-2.6,-16.75,dehydration,kiki,a,1,[Ti],-12.6,1,98,maximum,polarized FTIR E ,,Ferriss,in prep,86.2,bulk H,kiki,800,0.0001,,Ni-NiO-2.6,-16.75,dehydration,a,1,[Si],,,,polarized FTIR E ,, a,Ferriss,in prep,86.2,bulk H,kiki,800,0.0001,,Ni-NiO-2.6,-16.75,dehydration,a,1,[Si],,,,polarized FTIR E ,, a,Ferriss,in prep,86.2,bulk H,kiki,800,0.0001,,Ni-NiO-2.6,-16.75,dehydration,a,1,[Si],,,,polarized FTIR E ,, a,Ferriss,in prep,86.2,bulk H,kiki,800,0.0001,,Ni-NiO-2.6,-16.75,dehydration,a,1,[Si],,,,polarized FTIR E ,, a,Ferriss,in prep,86.2,bulk H,kiki,800,0.0001,,Ni-NiO-2.6,-16.75,dehydration,a,1,[Si],,,,polarized FTIR E ,, a,Ferriss,in prep,86.2,bulk H,kiki,800,0.0001,,Ni-NiO-2.6,-16.75,dehydration,a,1,[Si],,,,polarized FTIR E ,, a,Ferriss,in prep,86.2,bulk H,kiki,800,0.0001,,Ni-NiO-2.6,-16.75,dehydration,a,1,[Si],,,,polarized FTIR E ,, a,Ferriss,in prep,86.2,bulk H,kiki,800,0.0001,,Ni-NiO-2.6,-16.75,dehydration,a,1,[Si],,,,polarized FTIR E ,, a,Ferriss,in prep,86.2,bulk H,kiki,800,0.0001,,Ni-NiO-2.6,-16.75,dehydration,a,1,[Si],,,,polarized FTIR E ,, a,Ferriss,in prep,86.2,bulk H,kiki,800,0.0001,,Ni-NiO-2.6,-16.75,dehydration,a,1,[Si],,,,polarized FTIR E ,, a,Ferriss,in prep,86.2,bulk H,kiki,800,0.0001,,Ni-NiO-2.6,-16.75,dehydration,a,1,[Si],,,,polarized FTIR E ,, a,Ferriss,in prep,86.2,bulk H,kiki,800,0.0001,,Ni-NiO-2.6,-16.75,dehydration,a,1,[Si],,,,polarized FTIR E ,, a,Ferriss,in prep,86.2,bulk H,kiki,800,0.0001,,Ni-NiO-2.6,-16.75,dehydration,a,1,[Si],,,,polarized FTIR E ,, a,Ferriss,in prep,86.2,bulk H,kiki,800,0.0001,,Ni-NiO-2.6,-16.75,dehydration,a,1,[Si],,,,polarized FTIR E ,, a,Ferriss,in prep,86.2,bulk H,kiki,800,0.0001,,Ni-NiO-2.6,-16.75,dehydration,a,1,[Si],,,,polarized FTIR E ,, a,Ferriss,in prep,86.2,bulk H,kiki,800,0.0001,,Ni-NiO-2.6,-16.75,dehydration,a,1,[Si],,,,polarized FTIR E ,, a,Ferriss,in prep,86.2,bulk H,kiki,800,0.0001,,Ni-NiO-2.6,-16.75,dehydration,a,1,[Si],,,,polarized FTIR E ,, a,Ferriss,in prep,86.2,bulk H,kiki,800,0.0001,,Ni-NiO-2.6,-16.75,dehydration,a,1,[Si],,,,polarized FTIR E ,, a,Ferriss,in prep,86.2,bulk H,kiki,800,0.0001,,Ni-NiO-2.6,-16.75,dehydration,a,1,[Si],,,,polarized FTIR E ,, a,Ferriss,in prep,86.2,bulk H,kiki,800,0.0001,,Ni-NiO-2.6,-16.75,dehydration,a,1,[Si],,,,polarized FTIR E ,, a,Ferriss,in prep,86.2,bulk H,kiki,800,0.0001,,Ni-NiO-2.6,-16.75,dehydration,a,1,[Si],,,,polarized FTIR E ,, a,Ferriss,in prep,86.2,bulk H,kiki,800,0.0001,,Ni-NiO-2.6,-16.75,dehydration,a,1,[Si],,,,polarized FTIR E ,, a,Ferriss,in prep,86.2,bulk H,kiki,800,0.0001,,Ni-NiO-2.6,-16.75,dehydration,a,1,[Si],,,,polarized FTIR E ,, a,Ferriss,in prep,86.2,bulk H,kiki,800,0.0001,,Ni-NiO-2.6,-16.75,dehydration,a,1,[Si],,,,polarized FTIR E ,, a,Ferriss,in prep,86.2,bulk H,kiki,800,0.0001,,Ni-NiO-2.6,-16.75,dehydration,a,1,[Si],,,,polarized FTIR E ,, a,Ferriss,in prep,86.2,bulk H,kiki,800,0.0001,,Ni-NiO-2.6,-16.75,dehydration,a,1,[Si],,,,polarized FTIR E ,, a,Ferriss,in prep,86.2,bulk H,kiki,800,0.0001,,Ni-NiO-2.6,-16.75,dehydration,a,1,[Si],,,,polarized FTIR E ,, a,Ferriss,in prep,86.2,bulk H,kiki,800,0.0001,,Ni-NiO-2.6,-16.75,dehydration,a,1,[Si],,,,polarized FTIR E ,, a,Ferriss,in prep,86.2,bulk H,kiki,800,0.0001,,Ni-NiO-2.6,-16.75,dehydration,a,1,[Si],,,,polarized FTIR E ,, a,Ferriss,in prep,86.2,bulk H,kiki,800,0.0001,,Ni-NiO-2.6,-16.75,dehydration,a,1,[Si],,,,polarized FTIR E ,, a,Ferriss,in prep,86.2,bulk H,kiki,800,0.0001,,Ni-NiO-2.6,-16.75,dehydration,a,1,[Si],,,,polarized FTIR E ,, a,Ferriss,in prep,86.2,bulk H,kiki,800,0.0001,,Ni-NiO-2.6,-16.75,dehydration,a,1,[Si],,,,polarized FTIR E ,, a,Ferriss,in prep,86.2,bulk H,kiki,800,0.0001,,Ni-NiO-2.6,-16.75,dehydration,a,1,[Si],,,,polarized FTIR E ,, a,Ferriss,in prep,86.2,bulk H,kiki,800,0.0001,,Ni-NiO-2.6,-16.75,dehydration,a,1,[Si],,,,polarized FTIR E ,, a,Ferriss,in prep,86.2,bulk H,kiki,800,0.0001,,Ni-NiO-2.6,-16.75,dehydration,a,1,[Si],,,,polarized FTIR E ,, a,Ferriss,in prep,86.2,bulk H,kiki,800,0.0001,,Ni-NiO-2.6,-16.75,dehydration,a,1,[Si],,,,polarized FTIR E ,, a,Ferriss,in prep,86.2,bulk H,kiki,800,0.0001,,Ni-NiO-2.6,-16.75,dehydration,a,1,[Si],,,,polarized FTIR E ,, a,Ferriss,in prep,86.2,bulk H,kiki,800,0.0001,,Ni-NiO-2.6,-16.75,dehydration,a,1,[Si],,,,polarized FTIR E ,, a,Ferriss,in prep,86.2,bulk H,kiki,800,0.0001,,Ni-NiO-2.6,-16.75,dehydration,a,1,[Si],,,,polarized FTIR E ,, a,Ferriss,in prep,86.2,bulk H,kiki,800,0.0001,,Ni-NiO-2.6,-16.75,dehydration,a,1,[Si],,,,polarized FTIR E ,, a,Ferriss,in prep,86.2,bulk H,kiki,800,0.0001,,Ni-NiO-2.6,-16.75,dehydration,a,1,[Si],,,,polarized FTIR E ,, a,Ferriss,in prep,86.2,bulk H,kiki,800,0.0001,,Ni-NiO-2.6,-16.75,dehydration,a,1,[Si],,,,polarized FTIR E ,, a,Ferriss,in prep,86.2,bulk H,kiki,800,0.0001,,Ni-NiO-2.6,-16.75,dehydration,a,1,[Si],,,,polarized FTIR E ,, a,Ferriss,in prep,86.2,bulk H,kiki,800,0.0001,,Ni-NiO-2.6,-16.75,dehydration,a,1,[Si],,,,polarized FTIR E ,, a,Ferriss,in prep,86.2,bulk H,kiki,800,0.0001,,Ni-NiO-2.6,-16.75,dehydration,a,1,[Si],,,,polarized FTIR E ,, a,Ferriss,in prep,86.2,bulk H,kiki,800,0.0001,,Ni-NiO-2.6,-16.75,dehydration,a,1,[Si],,,,polarized FTIR E ,, a,Ferriss,in prep,86.2,bulk H,kiki,800,0.0001,,Ni-NiO-2.6,-16.75,dehydration,a,1,[Si],,,,polarized FTIR E ,, a,Ferriss,in prep,86.2,bulk H,kiki,800,0.0001,,Ni-NiO-2.6,-16.75,dehydration,a,1,[Si],,,,polarized FTIR E ,, a,Ferriss,in prep,86.2,bulk H,kiki,800,0.0001,,Ni-NiO-2.6,-16.75,dehydration,a,1,[Si],,,,polarized FTIR E ,, a,Ferriss,in prep,86.2,bulk H,kiki,800,0.0001,,Ni-NiO-2.6,-16.75,dehydration,a,1,[Si],,,,polarized FTIR E ,, a,Ferriss,in prep,86.2,bulk H,kiki
Ferriss,in prep,86.2,3525,800,0.0001,Ni-NiO-2.6,-16.75,dehydration,kiki,b,1,[Ti],-14,1,98,maximum,polarized FTIR E ,,Ferriss,in prep,86.2,bulk H,kiki,800,0.0001,,Ni-NiO-2.6,-16.75,dehydration,b,1,[Si],,,,polarized FTIR E ,, a,Ferriss,in prep,86.2,bulk H,kiki,800,0.0001,,Ni-NiO-2.6,-16.75,dehydration,b,1,[Si],,,,polarized FTIR E ,, a,Ferriss,in prep,86.2,bulk H,kiki,800,0.0001,,Ni-NiO-2.6,-16.75,dehydration,b,1,[Si],,,,polarized FTIR E ,, a,Ferriss,in prep,86.2,bulk H,kiki,800,0.0001,,Ni-NiO-2.6,-16.75,dehydration,b,1,[Si],,,,polarized FTIR E ,, a,Ferriss,in prep,86.2,bulk H,kiki,800,0.0001,,Ni-NiO-2.6,-16.75,dehydration,b,1,[Si],,,,polarized FTIR E ,, a,Ferriss,in prep,86.2,bulk H,kiki,800,0.0001,,Ni-NiO-2.6,-16.75,dehydration,b,1,[Si],,,,polarized FTIR E ,, a,Ferriss,in prep,86.2,bulk H,kiki,800,0.0001,,Ni-NiO-2.6,-16.75,dehydration,b,1,[Si],,,,polarized FTIR E ,, a,Ferriss,in prep,86.2,bulk H,kiki,800,0.0001,,Ni-NiO-2.6,-16.75,dehydration,b,1,[Si],,,,polarized FTIR E ,, a,Ferriss,in prep,86.2,bulk H,kiki,800,0.0001,,Ni-NiO-2.6,-16.75,dehydration,b,1,[Si],,,,polarized FTIR E ,, a,Ferriss,in prep,86.2,bulk H,kiki,800,0.0001,,Ni-NiO-2.6,-16.75,dehydration,b,1,[Si],,,,polarized FTIR E ,, a,Ferriss,in prep,86.2,bulk H,kiki,800,0.0001,,Ni-NiO-2.6,-16.75,dehydration,b,1,[Si],,,,polarized FTIR E ,, a,Ferriss,in prep,86.2,bulk H,kiki,800,0.0001,,Ni-NiO-2.6,-16.75,dehydration,b,1,[Si],,,,polarized FTIR E ,, a,Ferriss,in prep,86.2,bulk H,kiki,800,0.0001,,Ni-NiO-2.6,-16.75,dehydration,b,1,[Si],,,,polarized FTIR E ,, a,Ferriss,in prep,86.2,bulk H,kiki,800,0.0001,,Ni-NiO-2.6,-16.75,dehydration,b,1,[Si],,,,polarized FTIR E ,, a,Ferriss,in prep,86.2,bulk H,kiki,800,0.0001,,Ni-NiO-2.6,-16.75,dehydration,b,1,[Si],,,,polarized FTIR E ,, a,Ferriss,in prep,86.2,bulk H,kiki,800,0.0001,,Ni-NiO-2.6,-16.75,dehydration,b,1,[Si],,,,polarized FTIR E ,, a,Ferriss,in prep,86.2,bulk H,kiki,800,0.0001,,Ni-NiO-2.6,-16.75,dehydration,b,1,[Si],,,,polarized FTIR E ,, a,Ferriss,in prep,86.2,bulk H,kiki,800,0.0001,,Ni-NiO-2.6,-16.75,dehydration,b,1,[Si],,,,polarized FTIR E ,, a,Ferriss,in prep,86.2,bulk H,kiki,800,0.0001,,Ni-NiO-2.6,-16.75,dehydration,b,1,[Si],,,,polarized FTIR E ,, a,Ferriss,in prep,86.2,bulk H,kiki,800,0.0001,,Ni-NiO-2.6,-16.75,dehydration,b,1,[Si],,,,polarized FTIR E ,, a,Ferriss,in prep,86.2,bulk H,kiki,800,0.0001,,Ni-NiO-2.6,-16.75,dehydration,b,1,[Si],,,,polarized FTIR E ,, a,Ferriss,in prep,86.2,bulk H,kiki,800,0.0001,,Ni-NiO-2.6,-16.75,dehydration,b,1,[Si],,,,polarized FTIR E ,, a,Ferriss,in prep,86.2,bulk H,kiki,800,0.0001,,Ni-NiO-2.6,-16.75,dehydration,b,1,[Si],,,,polarized FTIR E ,, a,Ferriss,in prep,86.2,bulk H,kiki,800,0.0001,,Ni-NiO-2.6,-16.75,dehydration,b,1,[Si],,,,polarized FTIR E ,, a,Ferriss,in prep,86.2,bulk H,kiki,800,0.0001,,Ni-NiO-2.6,-16.75,dehydration,b,1,[Si],,,,polarized FTIR E ,, a,Ferriss,in prep,86.2,bulk H,kiki,800,0.0001,,Ni-NiO-2.6,-16.75,dehydration,b,1,[Si],,,,polarized FTIR E ,, a,Ferriss,in prep,86.2,bulk H,kiki,800,0.0001,,Ni-NiO-2.6,-16.75,dehydration,b,1,[Si],,,,polarized FTIR E ,, a,Ferriss,in prep,86.2,bulk H,kiki,800,0.0001,,Ni-NiO-2.6,-16.75,dehydration,b,1,[Si],,,,polarized FTIR E ,, a,Ferriss,in prep,86.2,bulk H,kiki,800,0.0001,,Ni-NiO-2.6,-16.75,dehydration,b,1,[Si],,,,polarized FTIR E ,, a,Ferriss,in prep,86.2,bulk H,kiki,800,0.0001,,Ni-NiO-2.6,-16.75,dehydration,b,1,[Si],,,,polarized FTIR E ,, a,Ferriss,in prep,86.2,bulk H,kiki,800,0.0001,,Ni-NiO-2.6,-16.75,dehydration,b,1,[Si],,,,polarized FTIR E ,, a,Ferriss,in prep,86.2,bulk H,kiki,800,0.0001,,Ni-NiO-2.6,-16.75,dehydration,b,1,[Si],,,,polarized FTIR E ,, a,Ferriss,in prep,86.2,bulk H,kiki,800,0.0001,,Ni-NiO-2.6,-16.75,dehydration,b,1,[Si],,,,polarized FTIR E ,, a,Ferriss,in prep,86.2,bulk H,kiki,800,0.0001,,Ni-NiO-2.6,-16.75,dehydration,b,1,[Si],,,,polarized FTIR E ,, a,Ferriss,in prep,86.2,bulk H,kiki,800,0.0001,,Ni-NiO-2.6,-16.75,dehydration,b,1,[Si],,,,polarized FTIR E ,, a,Ferriss,in prep,86.2,bulk H,kiki,800,0.0001,,Ni-NiO-2.6,-16.75,dehydration,b,1,[Si],,,,polarized FTIR E ,, a,Ferriss,in prep,86.2,bulk H,kiki,800,0.0001,,Ni-NiO-2.6,-16.75,dehydration,b,1,[Si],,,,polarized FTIR E ,, a,Ferriss,in prep,86.2,bulk H,kiki,800,0.0001,,Ni-NiO-2.6,-16.75,dehydration,b,1,[Si],,,,polarized FTIR E ,, a,Ferriss,in prep,86.2,bulk H,kiki,800,0.0001,,Ni-NiO-2.6,-16.75,dehydration,b,1,[Si],,,,polarized FTIR E ,, a,Ferriss,in prep,86.2,bulk H,kiki,800,0.0001,,Ni-NiO-2.6,-16.75,dehydration,b,1,[Si],,,,polarized FTIR E ,, a,Ferriss,in prep,86.2,bulk H,kiki,800,0.0001,,Ni-NiO-2.6,-16.75,dehydration,b,1,[Si],,,,polarized FTIR E ,, a,Ferriss,in prep,86.2,bulk H,kiki,800,0.0001,,Ni-NiO-2.6,-16.75,dehydration,b,1,[Si],,,,polarized FTIR E ,, a,Ferriss,in prep,86.2,bulk H,kiki,800,0.0001,,Ni-NiO-2.6,-16.75,dehydration,b,1,[Si],,,,polarized FTIR E ,, a,Ferriss,in prep,86.2,bulk H,kiki,800,0.0001,,Ni-NiO-2.6,-16.75,dehydration,b,1,[Si],,,,polarized FTIR E ,, a,Ferriss,in prep,86.2,bulk H,kiki,800,0.0001,,Ni-NiO-2.6,-16.75,dehydration,b,1,[Si],,,,polarized FTIR E ,, a,Ferriss,in prep,86.2,bulk H,kiki,800,0.0001,,Ni-NiO-2.6,-16.75,dehydration,b,1,[Si],,,,polarized FTIR E ,, a,Ferriss,in prep,86.2,bulk H,kiki,800,0.0001,,Ni-NiO-2.6,-16.75,dehydration,b,1,[Si],,,,polarized FTIR E ,, a,Ferriss,in prep,86.2,bulk H,kiki,800,0.0001,,Ni-NiO-2.6,-16.75,dehydration,b,1,[Si],,,,polarized FTIR E ,, a,Ferriss,in prep,86.2,bulk H,kiki,800,0.0001,,Ni-NiO-2.6,-16.75,dehydration,b,1,[Si],,,,polarized FTIR E ,, a,Ferriss,in prep,86.2,bulk H,kiki,800,0.0001,,Ni-NiO-2.6,-16.75,dehydration,b,1,[Si],,,,polarized FTIR E ,, a,Ferriss,in prep,86.2,bulk H,kiki
Ferriss,in prep,86.2,3525,800,0.0001,Ni-NiO-2.6,-16.75,dehydration,kiki,c,1,[Ti],-13.7,1,98,maximum,polarized FTIR E ,,Ferriss,in prep,86.2,bulk H,kiki,800,0.0001,,Ni-NiO-2.6,-16.75,dehydration,c,1,[Si],,,,polarized FTIR E ,, a,Ferriss,in prep,86.2,bulk H,kiki,800,0.0001,,Ni-NiO-2.6,-16.75,dehydration,c,1,[Si],,,,polarized FTIR E ,, a,Ferriss,in prep,86.2,bulk H,kiki,800,0.0001,,Ni-NiO-2.6,-16.75,dehydration,c,1,[Si],,,,polarized FTIR E ,, a,Ferriss,in prep,86.2,bulk H,kiki,800,0.0001,,Ni-NiO-2.6,-16.75,dehydration,c,1,[Si],,,,polarized FTIR E ,, a,Ferriss,in prep,86.2,bulk H,kiki,800,0.0001,,Ni-NiO-2.6,-16.75,dehydration,c,1,[Si],,,,polarized FTIR E ,, a,Ferriss,in prep,86.2,bulk H,kiki,800,0.0001,,Ni-NiO-2.6,-16.75,dehydration,c,1,[Si],,,,polarized FTIR E ,, a,Ferriss,in prep,86.2,bulk H,kiki,800,0.0001,,Ni-NiO-2.6,-16.75,dehydration,c,1,[Si],,,,polarized FTIR E ,, a,Ferriss,in prep,86.2,bulk H,kiki,800,0.0001,,Ni-NiO-2.6,-16.75,dehydration,c,1,[Si],,,,polarized FTIR E ,, a,Ferriss,in prep,86.2,bulk H,kiki,800,0.0001,,Ni-NiO-2.6,-16.75,dehydration,c,1,[Si],,,,polarized FTIR E ,, a,Ferriss,in prep,86.2,bulk H,kiki,800,0.0001,,Ni-NiO-2.6,-16.75,dehydration,c,1,[Si],,,,polarized FTIR E ,, a,Ferriss,in prep,86.2,bulk H,kiki,800,0.0001,,Ni-NiO-2.6,-16.75,dehydration,c,1,[Si],,,,polarized FTIR E ,, a,Ferriss,in prep,86.2,bulk H,kiki,800,0.0001,,Ni-NiO-2.6,-16.75,dehydration,c,1,[Si],,,,polarized FTIR E ,, a,Ferriss,in prep,86.2,bulk H,kiki,800,0.0001,,Ni-NiO-2.6,-16.75,dehydration,c,1,[Si],,,,polarized FTIR E ,, a,Ferriss,in prep,86.2,bulk H,kiki,800,0.0001,,Ni-NiO-2.6,-16.75,dehydration,c,1,[Si],,,,polarized FTIR E ,, a,Ferriss,in prep,86.2,bulk H,kiki,800,0.0001,,Ni-NiO-2.6,-16.75,dehydration,c,1,[Si],,,,polarized FTIR E ,, a,Ferriss,in prep,86.2,bulk H,kiki,800,0.0001,,Ni-NiO-2.6,-16.75,dehydration,c,1,[Si],,,,polarized FTIR E ,, a,Ferriss,in prep,86.2,bulk H,kiki,800,0.0001,,Ni-NiO-2.6,-16.75,dehydration,c,1,[Si],,,,polarized FTIR E ,, a,Ferriss,in prep,86.2,bulk H,kiki,800,0.0001,,Ni-NiO-2.6,-16.75,dehydration,c,1,[Si],,,,polarized FTIR E ,, a,Ferriss,in prep,86.2,bulk H,kiki,800,0.0001,,Ni-NiO-2.6,-16.75,dehydration,c,1,[Si],,,,polarized FTIR E ,, a,Ferriss,in prep,86.2,bulk H,kiki,800,0.0001,,Ni-NiO-2.6,-16.75,dehydration,c,1,[Si],,,,polarized FTIR E ,, a,Ferriss,in prep,86.2,bulk H,kiki,800,0.0001,,Ni-NiO-2.6,-16.75,dehydration,c,1,[Si],,,,polarized FTIR E ,, a,Ferriss,in prep,86.2,bulk H,kiki,800,0.0001,,Ni-NiO-2.6,-16.75,dehydration,c,1,[Si],,,,polarized FTIR E ,, a,Ferriss,in prep,86.2,bulk H,kiki,800,0.0001,,Ni-NiO-2.6,-16.75,dehydration,c,1,[Si],,,,polarized FTIR E ,, a,Ferriss,in prep,86.2,bulk H,kiki,800,0.0001,,Ni-NiO-2.6,-16.75,dehydration,c,1,[Si],,,,polarized FTIR E ,, a,Ferriss,in prep,86.2,bulk H,kiki,800,0.0001,,Ni-NiO-2.6,-16.75,dehydration,c,1,[Si],,,,polarized FTIR E ,, a,Ferriss,in prep,86.2,bulk H,kiki,800,0.0001,,Ni-NiO-2.6,-16.75,dehydration,c,1,[Si],,,,polarized FTIR E ,, a,Ferriss,in prep,86.2,bulk H,kiki,800,0.0001,,Ni-NiO-2.6,-16.75,dehydration,c,1,[Si],,,,polarized FTIR E ,, a,Ferriss,in prep,86.2,bulk H,kiki,800,0.0001,,Ni-NiO-2.6,-16.75,dehydration,c,1,[Si],,,,polarized FTIR E ,, a,Ferriss,in prep,86.2,bulk H,kiki,800,0.0001,,Ni-NiO-2.6,-16.75,dehydration,c,1,[Si],,,,polarized FTIR E ,, a,Ferriss,in prep,86.2,bulk H,kiki,800,0.0001,,Ni-NiO-2.6,-16.75,dehydration,c,1,[Si],,,,polarized FTIR E ,, a,Ferriss,in prep,86.2,bulk H,kiki,800,0.0001,,Ni-NiO-2.6,-16.75,dehydration,c,1,[Si],,,,polarized FTIR E ,, a,Ferriss,in prep,86.2,bulk H,kiki,800,0.0001,,Ni-NiO-2.6,-16.75,dehydration,c,1,[Si],,,,polarized FTIR E ,, a,Ferriss,in prep,86.2,bulk H,kiki,800,0.0001,,Ni-NiO-2.6,-16.75,dehydration,c,1,[Si],,,,polarized FTIR E ,, a,Ferriss,in prep,86.2,bulk H,kiki,800,0.0001,,Ni-NiO-2.6,-16.75,dehydration,c,1,[Si],,,,polarized FTIR E ,, a,Ferriss,in prep,86.2,bulk H,kiki,800,0.0001,,Ni-NiO-2.6,-16.75,dehydration,c,1,[Si],,,,polarized FTIR E ,, a,Ferriss,in prep,86.2,bulk H,kiki,800,0.0001,,Ni-NiO-2.6,-16.75,dehydration,c,1,[Si],,,,polarized FTIR E ,, a,Ferriss,in prep,86.2,bulk H,kiki,800,0.0001,,Ni-NiO-2.6,-16.75,dehydration,c,1,[Si],,,,polarized FTIR E ,, a,Ferriss,in prep,86.2,bulk H,kiki,800,0.0001,,Ni-NiO-2.6,-16.75,dehydration,c,1,[Si],,,,polarized FTIR E ,, a,Ferriss,in prep,86.2,bulk H,kiki,800,0.0001,,Ni-NiO-2.6,-16.75,dehydration,c,1,[Si],,,,polarized FTIR E ,, a,Ferriss,in prep,86.2,bulk H,kiki,800,0.0001,,Ni-NiO-2.6,-16.75,dehydration,c,1,[Si],,,,polarized FTIR E ,, a,Ferriss,in prep,86.2,bulk H,kiki,800,0.0001,,Ni-NiO-2.6,-16.75,dehydration,c,1,[Si],,,,polarized FTIR E ,, a,Ferriss,in prep,86.2,bulk H,kiki,800,0.0001,,Ni-NiO-2.6,-16.75,dehydration,c,1,[Si],,,,polarized FTIR E ,, a,Ferriss,in prep,86.2,bulk H,kiki,800,0.0001,,Ni-NiO-2.6,-16.75,dehydration,c,1,[Si],,,,polarized FTIR E ,, a,Ferriss,in prep,86.2,bulk H,kiki,800,0.0001,,Ni-NiO-2.6,-16.75,dehydration,c,1,[Si],,,,polarized FTIR E ,, a,Ferriss,in prep,86.2,bulk H,kiki,800,0.0001,,Ni-NiO-2.6,-16.75,dehydration,c,1,[Si],,,,polarized FTIR E ,, a,Ferriss,in prep,86.2,bulk H,kiki,800,0.0001,,Ni-NiO-2.6,-16.75,dehydration,c,1,[Si],,,,polarized FTIR E ,, a,Ferriss,in prep,86.2,bulk H,kiki,800,0.0001,,Ni-NiO-2.6,-16.75,dehydration,c,1,[Si],,,,polarized FTIR E ,, a,Ferriss,in prep,86.2,bulk H,kiki,800,0.0001,,Ni-NiO-2.6,-16.75,dehydration,c,1,[Si],,,,polarized FTIR E ,, a,Ferriss,in prep,86.2,bulk H,kiki,800,0.0001,,Ni-NiO-2.6,-16.75,dehydration,c,1,[Si],,,,polarized FTIR E ,, a,Ferriss,in prep,86.2,bulk H,kiki,800,0.0001,,Ni-NiO-2.6,-16.75,dehydration,c,1,[Si],,,,polarized FTIR E ,, a,Ferriss,in prep,86.2,bulk H,kiki
Ferriss,in prep,86.2,3525,800,0.0001,Ni-NiO-2.6,-16.75,dehydration,kiki,a,8,[Ti],-12.6,0.6,98,maximum,polarized FTIR E ,,Ferriss,in prep,86.2,bulk H,kiki,800,0.0001,,Ni-NiO-2.6,-16.75,dehydration,a,8,[Si],,,,polarized FTIR E ,, a,Ferriss,in prep,86.2,bulk H,kiki,800,0.0001,,Ni-NiO-2.6,-16.75,dehydration,a,8,[Si],,,,polarized FTIR E ,, a,Ferriss,in prep,86.2,bulk H,kiki,800,0.0001,,Ni-NiO-2.6,-16.75,dehydration,a,8,[Si],,,,polarized FTIR E ,, a,Ferriss,in prep,86.2,bulk H,kiki,800,0.0001,,Ni-NiO-2.6,-16.75,dehydration,a,8,[Si],,,,polarized FTIR E ,, a,Ferriss,in prep,86.2,bulk H,kiki,800,0.0001,,Ni-NiO-2.6,-16.75,dehydration,a,8,[Si],,,,polarized FTIR E ,, a,Ferriss,in prep,86.2,bulk H,kiki,800,0.0001,,Ni-NiO-2.6,-16.75,dehydration,a,8,[Si],,,,polarized FTIR E ,, a,Ferriss,in prep,86.2,bulk H,kiki,800,0.0001,,Ni-NiO-2.6,-16.75,dehydration,a,8,[Si],,,,polarized FTIR E ,, a,Ferriss,in prep,86.2,bulk H,kiki,800,0.0001,,Ni-NiO-2.6,-16.75,dehydration,a,8,[Si],,,,polarized FTIR E ,, a,Ferriss,in prep,86.2,bulk H,kiki,800,0.0001,,Ni-NiO-2.6,-16.75,dehydration,a,8,[Si],,,,polarized FTIR E ,, a,Ferriss,in prep,86.2,bulk H,kiki,800,0.0001,,Ni-NiO-2.6,-16.75,dehydration,a,8,[Si],,,,polarized FTIR E ,, a,Ferriss,in prep,86.2,bulk H,kiki,800,0.0001,,Ni-NiO-2.6,-16.75,dehydration,a,8,[Si],,,,polarized FTIR E ,, a,Ferriss,in prep,86.2,bulk H,kiki,800,0.0001,,Ni-NiO-2.6,-16.75,dehydration,a,8,[Si],,,,polarized FTIR E ,, a,Ferriss,in prep,86.2,bulk H,kiki,800,0.0001,,Ni-NiO-2.6,-16.75,dehydration,a,8,[Si],,,,polarized FTIR E ,, a,Ferriss,in prep,86.2,bulk H,kiki,800,0.0001,,Ni-NiO-2.6,-16.75,dehydration,a,8,[Si],,,,polarized FTIR E ,, a,Ferriss,in prep,86.2,bulk H,kiki,800,0.0001,,Ni-NiO-2.6,-16.75,dehydration,a,8,[Si],,,,polarized FTIR E ,, a,Ferriss,in prep,86.2,bulk H,kiki,800,0.0001,,Ni-NiO-2.6,-16.75,dehydration,a,8,[Si],,,,polarized FTIR E ,, a,Ferriss,in prep,86.2,bulk H,kiki,800,0.0001,,Ni-NiO-2.6,-16.75,dehydration,a,8,[Si],,,,polarized FTIR E ,, a,Ferriss,in prep,86.2,bulk H,kiki,800,0.0001,,Ni-NiO-2.6,-16.75,dehydration,a,8,[Si],,,,polarized FTIR E ,, a,Ferriss,in prep,86.2,bulk H,kiki,800,0.0001,,Ni-NiO-2.6,-16.75,dehydration,a,8,[Si],,,,polarized FTIR E ,, a,Ferriss,in prep,86.2,bulk H,kiki,800,0.0001,,Ni-NiO-2.6,-16.75,dehydration,a,8,[Si],,,,polarized FTIR E ,, a,Ferriss,in prep,86.2,bulk H,kiki,800,0.0001,,Ni-NiO-2.6,-16.75,dehydration,a,8,[Si],,,,polarized FTIR E ,, a,Ferriss,in prep,86.2,bulk H,kiki,800,0.0001,,Ni-NiO-2.6,-16.75,dehydration,a,8,[Si],,,,polarized FTIR E ,, a,Ferriss,in prep,86.2,bulk H,kiki,800,0.0001,,Ni-NiO-2.6,-16.75,dehydration,a,8,[Si],,,,polarized FTIR E ,, a,Ferriss,in prep,86.2,bulk H,kiki,800,0.0001,,Ni-NiO-2.6,-16.75,dehydration,a,8,[Si],,,,polarized FTIR E ,, a,Ferriss,in prep,86.2,bulk H,kiki,800,0.0001,,Ni-NiO-2.6,-16.75,dehydration,a,8,[Si],,,,polarized FTIR E ,, a,Ferriss,in prep,86.2,bulk H,kiki,800,0.0001,,Ni-NiO-2.6,-16.75,dehydration,a,8,[Si],,,,polarized FTIR E ,, a,Ferriss,in prep,86.2,bulk H,kiki,800,0.0001,,Ni-NiO-2.6,-16.75,dehydration,a,8,[Si],,,,polarized FTIR E ,, a,Ferriss,in prep,86.2,bulk H,kiki,800,0.0001,,Ni-NiO-2.6,-16.75,dehydration,a,8,[Si],,,,polarized FTIR E ,, a,Ferriss,in prep,86.2,bulk H,kiki,800,0.0001,,Ni-NiO-2.6,-16.75,dehydration,a,8,[Si],,,,polarized FTIR E ,, a,Ferriss,in prep,86.2,bulk H,kiki,800,0.0001,,Ni-NiO-2.6,-16.75,dehydration,a,8,[Si],,,,polarized FTIR E ,, a,Ferriss,in prep,86.2,bulk H,kiki,800,0.0001,,Ni-NiO-2.6,-16.75,dehydration,a,8,[Si],,,,polarized FTIR E ,, a,Ferriss,in prep,86.2,bulk H,kiki,800,0.0001,,Ni-NiO-2.6,-16.75,dehydration,a,8,[Si],,,,polarized FTIR E ,, a,Ferriss,in prep,86.2,bulk H,kiki,800,0.0001,,Ni-NiO-2.6,-16.75,dehydration,a,8,[Si],,,,polarized FTIR E ,, a,Ferriss,in prep,86.2,bulk H,kiki,800,0.0001,,Ni-NiO-2.6,-16.75,dehydration,a,8,[Si],,,,polarized FTIR E ,, a,Ferriss,in prep,86.2,bulk H,kiki,800,0.0001,,Ni-NiO-2.6,-16.75,dehydration,a,8,[Si],,,,polarized FTIR E ,, a,Ferriss,in prep,86.2,bulk H,kiki,800,0.0001,,Ni-NiO-2.6,-16.75,dehydration,a,8,[Si],,,,polarized FTIR E ,, a,Ferriss,in prep,86.2,bulk H,kiki,800,0.0001,,Ni-NiO-2.6,-16.75,dehydration,a,8,[Si],,,,polarized FTIR E ,, a,Ferriss,in prep,86.2,bulk H,kiki,800,0.0001,,Ni-NiO-2.6,-16.75,dehydration,a,8,[Si],,,,polarized FTIR E ,, a,Ferriss,in prep,86.2,bulk H,kiki,800,0.0001,,Ni-NiO-2.6,-16.75,dehydration,a,8,[Si],,,,polarized FTIR E ,, a,Ferriss,in prep,86.2,bulk H,kiki,800,0.0001,,Ni-NiO-2.6,-16.75,dehydration,a,8,[Si],,,,polarized FTIR E ,, a,Ferriss,in prep,86.2,bulk H,kiki,800,0.0001,,Ni-NiO-2.6,-16.75,dehydration,a,8,[Si],,,,polarized FTIR E ,, a,Ferriss,in prep,86.2,bulk H,kiki,800,0.0001,,Ni-NiO-2.6,-16.75,dehydration,a,8,[Si],,,,polarized FTIR E ,, a,Ferriss,in prep,86.2,bulk H,kiki,800,0.0001,,Ni-NiO-2.6,-16.75,dehydration,a,8,[Si],,,,polarized FTIR E ,, a,Ferriss,in prep,86.2,bulk H,kiki,800,0.0001,,Ni-NiO-2.6,-16.75,dehydration,a,8,[Si],,,,polarized FTIR E ,, a,Ferriss,in prep,86.2,bulk H,kiki,800,0.0001,,Ni-NiO-2.6,-16.75,dehydration,a,8,[Si],,,,polarized FTIR E ,, a,Ferriss,in prep,86.2,bulk H,kiki,800,0.0001,,Ni-NiO-2.6,-16.75,dehydration,a,8,[Si],,,,polarized FTIR E ,, a,Ferriss,in prep,86.2,bulk H,kiki,800,0.0001,,Ni-NiO-2.6,-16.75,dehydration,a,8,[Si],,,,polarized FTIR E ,, a,Ferriss,in prep,86.2,bulk H,kiki,800,0.0001,,Ni-NiO-2.6,-16.75,dehydration,a,8,[Si],,,,polarized FTIR E ,, a,Ferriss,in prep,86.2,bulk H,kiki,800,0.0001,,Ni-NiO-2.6,-16.75,dehydration,a,8,[Si],,,,polarized FTIR E ,, a,Ferriss,in prep,86.2,bulk H,kiki,800,0.0001,,Ni-NiO-2.6,-16.75,dehydration,a,8,[Si],,,,polarized FTIR E ,, a,Ferriss,in prep,86.2,bulk H,kiki
Ferriss,in prep,86.2,3525,800,0.0001,Ni-NiO-2.6,-16.75,dehydration,kiki,b,8,[Ti],-14,0.6,98,maximum,polarized FTIR E ,,Ferriss,in prep,86.2,bulk H,kiki,800,0.0001,,Ni-NiO-2.6,-16.75,dehydration,b,8,[Si],,,,polarized FTIR E ,, a,Ferriss,in prep,86.2,bulk H,kiki,800,0.0001,,Ni-NiO-2.6,-16.75,dehydration,b,8,[Si],,,,polarized FTIR E ,, a,Ferriss,in prep,86.2,bulk H,kiki,800,0.0001,,Ni-NiO-2.6,-16.75,dehydration,b,8,[Si],,,,polarized FTIR E ,, a,Ferriss,in prep,86.2,bulk H,kiki,800,0.0001,,Ni-NiO-2.6,-16.75,dehydration,b,8,[Si],,,,polarized FTIR E ,, a,Ferriss,in prep,86.2,bulk H,kiki,800,0.0001,,Ni-NiO-2.6,-16.75,dehydration,b,8,[Si],,,,polarized FTIR E ,, a,Ferriss,in prep,86.2,bulk H,kiki,800,0.0001,,Ni-NiO-2.6,-16.75,dehydration,b,8,[Si],,,,polarized FTIR E ,, a,Ferriss,in prep,86.2,bulk H,kiki,800,0.0001,,Ni-NiO-2.6,-16.75,dehydration,b,8,[Si],,,,polarized FTIR E ,, a,Ferriss,in prep,86.2,bulk H,kiki,800,0.0001,,Ni-NiO-2.6,-16.75,dehydration,b,8,[Si],,,,polarized FTIR E ,, a,Ferriss,in prep,86.2,bulk H,kiki,800,0.0001,,Ni-NiO-2.6,-16.75,dehydration,b,8,[Si],,,,polarized FTIR E ,, a,Ferriss,in prep,86.2,bulk H,kiki,800,0.0001,,Ni-NiO-2.6,-16.75,dehydration,b,8,[Si],,,,polarized FTIR E ,, a,Ferriss,in prep,86.2,bulk H,kiki,800,0.0001,,Ni-NiO-2.6,-16.75,dehydration,b,8,[Si],,,,polarized FTIR E ,, a,Ferriss,in prep,86.2,bulk H,kiki,800,0.0001,,Ni-NiO-2.6,-16.75,dehydration,b,8,[Si],,,,polarized FTIR E ,, a,Ferriss,in prep,86.2,bulk H,kiki,800,0.0001,,Ni-NiO-2.6,-16.75,dehydration,b,8,[Si],,,,polarized FTIR E ,, a,Ferriss,in prep,86.2,bulk H,kiki,800,0.0001,,Ni-NiO-2.6,-16.75,dehydration,b,8,[Si],,,,polarized FTIR E ,, a,Ferriss,in prep,86.2,bulk H,kiki,800,0.0001,,Ni-NiO-2.6,-16.75,dehydration,b,8,[Si],,,,polarized FTIR E ,, a,Ferriss,in prep,86.2,bulk H,kiki,800,0.0001,,Ni-NiO-2.6,-16.75,dehydration,b,8,[Si],,,,polarized FTIR E ,, a,Ferriss,in prep,86.2,bulk H,kiki,800,0.0001,,Ni-NiO-2.6,-16.75,dehydration,b,8,[Si],,,,polarized FTIR E ,, a,Ferriss,in prep,86.2,bulk H,kiki,800,0.0001,,Ni-NiO-2.6,-16.75,dehydration,b,8,[Si],,,,polarized FTIR E ,, a,Ferriss,in prep,86.2,bulk H,kiki,800,0.0001,,Ni-NiO-2.6,-16.75,dehydration,b,8,[Si],,,,polarized FTIR E ,, a,Ferriss,in prep,86.2,bulk H,kiki,800,0.0001,,Ni-NiO-2.6,-16.75,dehydration,b,8,[Si],,,,polarized FTIR E ,, a,Ferriss,in prep,86.2,bulk H,kiki,800,0.0001,,Ni-NiO-2.6,-16.75,dehydration,b,8,[Si],,,,polarized FTIR E ,, a,Ferriss,in prep,86.2,bulk H,kiki,800,0.0001,,Ni-NiO-2.6,-16.75,dehydration,b,8,[Si],,,,polarized FTIR E ,, a,Ferriss,in prep,86.2,bulk H,kiki,800,0.0001,,Ni-NiO-2.6,-16.75,dehydration,b,8,[Si],,,,polarized FTIR E ,, a,Ferriss,in prep,86.2,bulk H,kiki,800,0.0001,,Ni-NiO-2.6,-16.75,dehydration,b,8,[Si],,,,polarized FTIR E ,, a,Ferriss,in prep,86.2,bulk H,kiki,800,0.0001,,Ni-NiO-2.6,-16.75,dehydration,b,8,[Si],,,,polarized FTIR E ,, a,Ferriss,in prep,86.2,bulk H,kiki,800,0.0001,,Ni-NiO-2.6,-16.75,dehydration,b,8,[Si],,,,polarized FTIR E ,, a,Ferriss,in prep,86.2,bulk H,kiki,800,0.0001,,Ni-NiO-2.6,-16.75,dehydration,b,8,[Si],,,,polarized FTIR E ,, a,Ferriss,in prep,86.2,bulk H,kiki,800,0.0001,,Ni-NiO-2.6,-16.75,dehydration,b,8,[Si],,,,polarized FTIR E ,, a,Ferriss,in prep,86.2,bulk H,kiki,800,0.0001,,Ni-NiO-2.6,-16.75,dehydration,b,8,[Si],,,,polarized FTIR E ,, a,Ferriss,in prep,86.2,bulk H,kiki,800,0.0001,,Ni-NiO-2.6,-16.75,dehydration,b,8,[Si],,,,polarized FTIR E ,, a,Ferriss,in prep,86.2,bulk H,kiki,800,0.0001,,Ni-NiO-2.6,-16.75,dehydration,b,8,[Si],,,,polarized FTIR E ,, a,Ferriss,in prep,86.2,bulk H,kiki,800,0.0001,,Ni-NiO-2.6,-16.75,dehydration,b,8,[Si],,,,polarized FTIR E ,, a,Ferriss,in prep,86.2,bulk H,kiki,800,0.0001,,Ni-NiO-2.6,-16.75,dehydration,b,8,[Si],,,,polarized FTIR E ,, a,Ferriss,in prep,86.2,bulk H,kiki,800,0.0001,,Ni-NiO-2.6,-16.75,dehydration,b,8,[Si],,,,polarized FTIR E ,, a,Ferriss,in prep,86.2,bulk H,kiki,800,0.0001,,Ni-NiO-2.6,-16.75,dehydration,b,8,[Si],,,,polarized FTIR E ,, a,Ferriss,in prep,86.2,bulk H,kiki,800,0.0001,,Ni-NiO-2.6,-16.75,dehydration,b,8,[Si],,,,polarized FTIR E ,, a,Ferriss,in prep,86.2,bulk H,kiki,800,0.0001,,Ni-NiO-2.6,-16.75,dehydration,b,8,[Si],,,,polarized FTIR E ,, a,Ferriss,in prep,86.2,bulk H,kiki,800,0.0001,,Ni-NiO-2.6,-16.75,dehydration,b,8,[Si],,,,polarized FTIR E ,, a,Ferriss,in prep,86.2,bulk H,kiki,800,0.0001,,Ni-NiO-2.6,-16.75,dehydration,b,8,[Si],,,,polarized FTIR E ,, a,Ferriss,in prep,86.2,bulk H,kiki,800,0.0001,,Ni-NiO-2.6,-16.75,dehydration,b,8,[Si],,,,polarized FTIR E ,, a,Ferriss,in prep,86.2,bulk H,kiki,800,0.0001,,Ni-NiO-2.6,-16.75,dehydration,b,8,[Si],,,,polarized FTIR E ,, a,Ferriss,in prep,86.2,bulk H,kiki,800,0.0001,,Ni-NiO-2.6,-16.75,dehydration,b,8,[Si],,,,polarized FTIR E ,, a,Ferriss,in prep,86.2,bulk H,kiki,800,0.0001,,Ni-NiO-2.6,-16.75,dehydration,b,8,[Si],,,,polarized FTIR E ,, a,Ferriss,in prep,86.2,bulk H,kiki,800,0.0001,,Ni-NiO-2.6,-16.75,dehydration,b,8,[Si],,,,polarized FTIR E ,, a,Ferriss,in prep,86.2,bulk H,kiki,800,0.0001,,Ni-NiO-2.6,-16.75,dehydration,b,8,[Si],,,,polarized FTIR E ,, a,Ferriss,in prep,86.2,bulk H,kiki,800,0.0001,,Ni-NiO-2.6,-16.75,dehydration,b,8,[Si],,,,polarized FTIR E ,, a,Ferriss,in prep,86.2,bulk H,kiki,800,0.0001,,Ni-NiO-2.6,-16.75,dehydration,b,8,[Si],,,,polarized FTIR E ,, a,Ferriss,in prep,86.2,bulk H,kiki,800,0.0001,,Ni-NiO-2.6,-16.75,dehydration,b,8,[Si],,,,polarized FTIR E ,, a,Ferriss,in prep,86.2,bulk H,kiki,800,0.0001,,Ni-NiO-2.6,-16.75,dehydration,b,8,[Si],,,,polarized FTIR E ,, a,Ferriss,in prep,86.2,bulk H,kiki,800,0.0001,,Ni-NiO-2.6,-16.75,dehydration,b,8,[Si],,,,polarized FTIR E ,, a,Ferriss,in prep,86.2,bulk H,kiki
Ferriss,in prep,86.2,3525,800,0.0001,Ni-NiO-2.6,-16.75,dehydration,kiki,c,8,[Ti],-13.7,0.6,98,maximum,polarized FTIR E ,,Ferriss,in prep,86.2,bulk H,kiki,800,0.0001,,Ni-NiO-2.6,-16.75,dehydration,c,8,[Si],,,,polarized FTIR E ,, a,Ferriss,in prep,86.2,bulk H,kiki,800,0.0001,,Ni-NiO-2.6,-16.75,dehydration,c,8,[Si],,,,polarized FTIR E ,, a,Ferriss,in prep,86.2,bulk H,kiki,800,0.0001,,Ni-NiO-2.6,-16.75,dehydration,c,8,[Si],,,,polarized FTIR E ,, a,Ferriss,in prep,86.2,bulk H,kiki,800,0.0001,,Ni-NiO-2.6,-16.75,dehydration,c,8,[Si],,,,polarized FTIR E ,, a,Ferriss,in prep,86.2,bulk H,kiki,800,0.0001,,Ni-NiO-2.6,-16.75,dehydration,c,8,[Si],,,,polarized FTIR E ,, a,Ferriss,in prep,86.2,bulk H,kiki,800,0.0001,,Ni-NiO-2.6,-16.75,dehydration,c,8,[Si],,,,polarized FTIR E ,, a,Ferriss,in prep,86.2,bulk H,kiki,800,0.0001,,Ni-NiO-2.6,-16.75,dehydration,c,8,[Si],,,,polarized FTIR E ,, a,Ferriss,in prep,86.2,bulk H,kiki,800,0.0001,,Ni-NiO-2.6,-16.75,dehydration,c,8,[Si],,,,polarized FTIR E ,, a,Ferriss,in prep,86.2,bulk H,kiki,800,0.0001,,Ni-NiO-2.6,-16.75,dehydration,c,8,[Si],,,,polarized FTIR E ,, a,Ferriss,in prep,86.2,bulk H,kiki,800,0.0001,,Ni-NiO-2.6,-16.75,dehydration,c,8,[Si],,,,polarized FTIR E ,, a,Ferriss,in prep,86.2,bulk H,kiki,800,0.0001,,Ni-NiO-2.6,-16.75,dehydration,c,8,[Si],,,,polarized FTIR E ,, a,Ferriss,in prep,86.2,bulk H,kiki,800,0.0001,,Ni-NiO-2.6,-16.75,dehydration,c,8,[Si],,,,polarized FTIR E ,, a,Ferriss,in prep,86.2,bulk H,kiki,800,0.0001,,Ni-NiO-2.6,-16.75,dehydration,c,8,[Si],,,,polarized FTIR E ,, a,Ferriss,in prep,86.2,bulk H,kiki,800,0.0001,,Ni-NiO-2.6,-16.75,dehydration,c,8,[Si],,,,polarized FTIR E ,, a,Ferriss,in prep,86.2,bulk H,kiki,800,0.0001,,Ni-NiO-2.6,-16.75,dehydration,c,8,[Si],,,,polarized FTIR E ,, a,Ferriss,in prep,86.2,bulk H,kiki,800,0.0001,,Ni-NiO-2.6,-16.75,dehydration,c,8,[Si],,,,polarized FTIR E ,, a,Ferriss,in prep,86.2,bulk H,kiki,800,0.0001,,Ni-NiO-2.6,-16.75,dehydration,c,8,[Si],,,,polarized FTIR E ,, a,Ferriss,in prep,86.2,bulk H,kiki,800,0.0001,,Ni-NiO-2.6,-16.75,dehydration,c,8,[Si],,,,polarized FTIR E ,, a,Ferriss,in prep,86.2,bulk H,kiki,800,0.0001,,Ni-NiO-2.6,-16.75,dehydration,c,8,[Si],,,,polarized FTIR E ,, a,Ferriss,in prep,86.2,bulk H,kiki,800,0.0001,,Ni-NiO-2.6,-16.75,dehydration,c,8,[Si],,,,polarized FTIR E ,, a,Ferriss,in prep,86.2,bulk H,kiki,800,0.0001,,Ni-NiO-2.6,-16.75,dehydration,c,8,[Si],,,,polarized FTIR E ,, a,Ferriss,in prep,86.2,bulk H,kiki,800,0.0001,,Ni-NiO-2.6,-16.75,dehydration,c,8,[Si],,,,polarized FTIR E ,, a,Ferriss,in prep,86.2,bulk H,kiki,800,0.0001,,Ni-NiO-2.6,-16.75,dehydration,c,8,[Si],,,,polarized FTIR E ,, a,Ferriss,in prep,86.2,bulk H,kiki,800,0.0001,,Ni-NiO-2.6,-16.75,dehydration,c,8,[Si],,,,polarized FTIR E ,, a,Ferriss,in prep,86.2,bulk H,kiki,800,0.0001,,Ni-NiO-2.6,-16.75,dehydration,c,8,[Si],,,,polarized FTIR E ,, a,Ferriss,in prep,86.2,bulk H,kiki,800,0.0001,,Ni-NiO-2.6,-16.75,dehydration,c,8,[Si],,,,polarized FTIR E ,, a,Ferriss,in prep,86.2,bulk H,kiki,800,0.0001,,Ni-NiO-2.6,-16.75,dehydration,c,8,[Si],,,,polarized FTIR E ,, a,Ferriss,in prep,86.2,bulk H,kiki,800,0.0001,,Ni-NiO-2.6,-16.75,dehydration,c,8,[Si],,,,polarized FTIR E ,, a,Ferriss,in prep,86.2,bulk H,kiki,800,0.0001,,Ni-NiO-2.6,-16.75,dehydration,c,8,[Si],,,,polarized FTIR E ,, a,Ferriss,in prep,86.2,bulk H,kiki,800,0.0001,,Ni-NiO-2.6,-16.75,dehydration,c,8,[Si],,,,polarized FTIR E ,, a,Ferriss,in prep,86.2,bulk H,kiki,800,0.0001,,Ni-NiO-2.6,-16.75,dehydration,c,8,[Si],,,,polarized FTIR E ,, a,Ferriss,in prep,86.2,bulk H,kiki,800,0.0001,,Ni-NiO-2.6,-16.75,dehydration,c,8,[Si],,,,polarized FTIR E ,, a,Ferriss,in prep,86.2,bulk H,kiki,800,0.0001,,Ni-NiO-2.6,-16.75,dehydration,c,8,[Si],,,,polarized FTIR E ,, a,Ferriss,in prep,86.2,bulk H,kiki,800,0.0001,,Ni-NiO-2.6,-16.75,dehydration,c,8,[Si],,,,polarized FTIR E ,, a,Ferriss,in prep,86.2,bulk H,kiki,800,0.0001,,Ni-NiO-2.6,-16.75,dehydration,c,8,[Si],,,,polarized FTIR E ,, a,Ferriss,in prep,86.2,bulk H,kiki,800,0.0001,,Ni-NiO-2.6,-16.75,dehydration,c,8,[Si],,,,polarized FTIR E ,, a,Ferriss,in prep,86.2,bulk H,kiki,800,0.0001,,Ni-NiO-2.6,-16.75,dehydration,c,8,[Si],,,,polarized FTIR E ,, a,Ferriss,in prep,86.2,bulk H,kiki,800,0.0001,,Ni-NiO-2.6,-16.75,dehydration,c,8,[Si],,,,polarized FTIR E ,, a,Ferriss,in prep,86.2,bulk H,kiki,800,0.0001,,Ni-NiO-2.6,-16.75,dehydration,c,8,[Si],,,,polarized FTIR E ,, a,Ferriss,in prep,86.2,bulk H,kiki,800,0.0001,,Ni-NiO-2.6,-16.75,dehydration,c,8,[Si],,,,polarized FTIR E ,, a,Ferriss,in prep,86.2,bulk H,kiki,800,0.0001,,Ni-NiO-2.6,-16.75,dehydration,c,8,[Si],,,,polarized FTIR E ,, a,Ferriss,in prep,86.2,bulk H,kiki,800,0.0001,,Ni-NiO-2.6,-16.75,dehydration,c,8,[Si],,,,polarized FTIR E ,, a,Ferriss,in prep,86.2,bulk H,kiki,800,0.0001,,Ni-NiO-2.6,-16.75,dehydration,c,8,[Si],,,,polarized FTIR E ,, a,Ferriss,in prep,86.2,bulk H,kiki,800,0.0001,,Ni-NiO-2.6,-16.75,dehydration,c,8,[Si],,,,polarized FTIR E ,, a,Ferriss,in prep,86.2,bulk H,kiki,800,0.0001,,Ni-NiO-2.6,-16.75,dehydration,c,8,[Si],,,,polarized FTIR E ,, a,Ferriss,in prep,86.2,bulk H,kiki,800,0.0001,,Ni-NiO-2.6,-16.75,dehydration,c,8,[Si],,,,polarized FTIR E ,, a,Ferriss,in prep,86.2,bulk H,kiki,800,0.0001,,Ni-NiO-2.6,-16.75,dehydration,c,8,[Si],,,,polarized FTIR E ,, a,Ferriss,in prep,86.2,bulk H,kiki,800,0.0001,,Ni-NiO-2.6,-16.75,dehydration,c,8,[Si],,,,polarized FTIR E ,, a,Ferriss,in prep,86.2,bulk H,kiki,800,0.0001,,Ni-NiO-2.6,-16.75,dehydration,c,8,[Si],,,,polarized FTIR E ,, a,Ferriss,in prep,86.2,bulk H,kiki,800,0.0001,,Ni-NiO-2.6,-16.75,dehydration,c,8,[Si],,,,polarized FTIR E ,, a,Ferriss,in prep,86.2,bulk H,kiki
Ferriss,in prep,86.2,3525,1000,0.0001,Ni-NiO-2.6,-13.1,dehydration,kiki,a,3,[Ti],-11,0.4,93,no,polarized FTIR E ,,Ferriss,in prep,86.2,bulk H,kiki,1000,0.0001,,Ni-NiO-2.6,-13.1,dehydration,a,3,[Si],-10.7,88,no,polarized FTIR E ,, a,Ferriss,in prep,86.2,bulk H,kiki,1000,0.0001,,Ni-NiO-2.6,-13.1,dehydration,a,3,[Si],-10.7,88,no,polarized FTIR E ,, a,Ferriss,in prep,86.2,bulk H,kiki,1000,0.0001,,Ni-NiO-2.6,-13.1,dehydration,a,3,[Si],-10.7,88,no,polarized FTIR E ,, a,Ferriss,in prep,86.2,bulk H,kiki,1000,0.0001,,Ni-NiO-2.6,-13.1,dehydration,a,3,[Si],-10.7,88,no,polarized FTIR E ,, a,Ferriss,in prep,86.2,bulk H,kiki,1000,0.0001,,Ni-NiO-2.6,-13.1,dehydration,a,3,[Si],-10.7,88,no,polarized FTIR E ,, a,Ferriss,in prep,86.2,bulk H,kiki,1000,0.0001,,Ni-NiO-2.6,-13.1,dehydration,a,3,[Si],-10.7,88,no,polarized FTIR E ,, a,Ferriss,in prep,86.2,bulk H,kiki,1000,0.0001,,Ni-NiO-2.6,-13.1,dehydration,a,3,[Si],-10.7,88,no,polarized FTIR E ,, a,Ferriss,in prep,86.2,bulk H,kiki,1000,0.0001,,Ni-NiO-2.6,-13.1,dehydration,a,3,[Si],-10.7,88,no,polarized FTIR E ,, a,Ferriss,in prep,86.2,bulk H,kiki,1000,0.0001,,Ni-NiO-2.6,-13.1,dehydration,a,3,[Si],-10.7,88,no,polarized FTIR E ,, a,Ferriss,in prep,86.2,bulk H,kiki,1000,0.0001,,Ni-NiO-2.6,-13.1,dehydration,a,3,[Si],-10.7,88,no,polarized FTIR E ,, a,Ferriss,in prep,86.2,bulk H,kiki,1000,0.0001,,Ni-NiO-2.6,-13.1,dehydration,a,3,[Si],-10.7,88,no,polarized FTIR E ,, a,Ferriss,in prep,86.2,bulk H,kiki,1000,0.0001,,Ni-NiO-2.6,-13.1,dehydration,a,3,[Si],-10.7,88,no,polarized FTIR E ,, a,Ferriss,in prep,86.2,bulk H,kiki,1000,0.0001,,Ni-NiO-2.6,-13.1,dehydration,a,3,[Si],-10.7,88,no,polarized FTIR E ,, a,Ferriss,in prep,86.2,bulk H,kiki,1000,0.0001,,Ni-NiO-2.6,-13.1,dehydration,a,3,[Si],-10.7,88,no,polarized FTIR E ,, a,Ferriss,in prep,86.2,bulk H,kiki,1000,0.0001,,Ni-NiO-2.6,-13.1,dehydration,a,3,[Si],-10.7,88,no,polarized FTIR E ,, a,Ferriss,in prep,86.2,bulk H,kiki,1000,0.0001,,Ni-NiO-2.6,-13.1,dehydration,a,3,[Si],-10.7,88,no,polarized FTIR E ,, a,Ferriss,in prep,86.2,bulk H,kiki,1000,0.0001,,Ni-NiO-2.6,-13.1,dehydration,a,3,[Si],-10.7,88,no,polarized FTIR E ,, a,Ferriss,in prep,86.2,bulk H,kiki,1000,0.0001,,Ni-NiO-2.6,-13.1,dehydration,a,3,[Si],-10.7,88,no,polarized FTIR E ,, a,Ferriss,in prep,86.2,bulk H,kiki,1000,0.0001,,Ni-NiO-2.6,-13.1,dehydration,a,3,[Si],-10.7,88,no,polarized FTIR E ,, a,Ferriss,in prep,86.2,bulk H,kiki,1000,0.0001,,Ni-NiO-2.6,-13.1,dehydration,a,3,[Si],-10.7,88,no,polarized FTIR E ,, a,Ferriss,in prep,86.2,bulk H,kiki,1000,0.0001,,Ni-NiO-2.6,-13.1,dehydration,a,3,[Si],-10.7,88,no,polarized FTIR E ,, a,Ferriss,in prep,86.2,bulk H,kiki,1000,0.0001,,Ni-NiO-2.6,-13.1,dehydration,a,3,[Si],-10.7,88,no,polarized FTIR E ,, a,Ferriss,in prep,86.2,bulk H,kiki,1000,0.0001,,Ni-NiO-2.6,-13.1,dehydration,a,3,[Si],-10.7,88,no,polarized FTIR E ,, a,Ferriss,in prep,86.2,bulk H,kiki,1000,0.0001,,Ni-NiO-2.6,-13.1,dehydration,a,3,[Si],-10.7,88,no,polarized FTIR E ,, a,Ferriss,in prep,86.2,bulk H,kiki,1000,0.0001,,Ni-NiO-2.6,-13.1,dehydration,a,3,[Si],-10.7,88,no,polarized FTIR E ,, a,Ferriss,in prep,86.2,bulk H,kiki,1000,0.0001,,Ni-NiO-2.6,-13.1,dehydration,a,3,[Si],-10.7,88,no,polarized FTIR E ,, a,Ferriss,in prep,86.2,bulk H,kiki,1000,0.0001,,Ni-NiO-2.6,-13.1,dehydration,a,3,[Si],-10.7,88,no,polarized FTIR E ,, a,Ferriss,in prep,86.2,bulk H,kiki,1000,0.0001,,Ni-NiO-2.6,-13.1,dehydration,a,3,[Si],-10.7,88,no,polarized FTIR E ,, a,Ferriss,in prep,86.2,bulk H,kiki,1000,0.0001,,Ni-NiO-2.6,-13.1,dehydration,a,3,[Si],-10.7,88,no,polarized FTIR E ,, a,Ferriss,in prep,86.2,bulk H,kiki,1000,0.0001,,Ni-NiO-2.6,-13.1,dehydration,a,3,[Si],-10.7,88,no,polarized FTIR E ,, a,Ferriss,in prep,86.2,bulk H,kiki,1000,0.0001,,Ni-NiO-2.6,-13.1,dehydration,a,3,[Si],-10.7,88,no,polarized FTIR E ,, a,Ferriss,in prep,86.2,bulk H,kiki,1000,0.0001,,Ni-NiO-2.6,-13.1,dehydration,a,3,[Si],-10.7,88,no,polarized FTIR E ,, a,Ferriss,in prep,86.2,bulk H,kiki,1000,0.0001,,Ni-NiO-2.6,-13.1,dehydration,a,3,[Si],-10.7,88,no,polarized FTIR E ,, a,Ferriss,in prep,86.2,bulk H,kiki,1000,0.0001,,Ni-NiO-2.6,-13.1,dehydration,a,3,[Si],-10.7,88,no,polarized FTIR E ,, a,Ferriss,in prep,86.2,bulk H,kiki,1000,0.0001,,Ni-NiO-2.6,-13.1,dehydration,a,3,[Si],-10.7,88,no,polarized FTIR E ,, a,Ferriss,in prep,86.2,bulk H,kiki,1000,0.0001,,Ni-NiO-2.6,-13.1,dehydration,a,3,[Si],-10.7,88,no,polarized FTIR E ,, a,Ferriss,in prep,86.2,bulk H,kiki,1000,0.0001,,Ni-NiO-2.6,-13.1,dehydration,a,3,[Si],-10.7,88,no,polarized FTIR E ,, a,Ferriss,in prep,86.2,bulk H,kiki,1000,0.0001,,Ni-NiO-2.6,-13.1,dehydration,a,3,[Si],-10.7,88,no,polarized FTIR E ,, a,Ferriss,in prep,86.2,bulk H,kiki,1000,0.0001,,Ni-NiO-2.6,-13.1,dehydration,a,3,[Si],-10.7,88,no,polarized FTIR E ,, a,Ferriss,in prep,86.2,bulk H,kiki,1000,0.0001,,Ni-NiO-2.6,-13.1,dehydration,a,3,[Si],-10.7,88,no,polarized FTIR E ,, a,Ferriss,in prep,86.2,bulk H,kiki,1000,0.0001,,Ni-NiO-2.6,-13.1,dehydration,a,3,[Si],-10.7,88,no,polarized FTIR E ,, a,Ferriss,in prep,86.2,bulk H,kiki,1000,0.0001,,Ni-NiO-2.6,-13.1,dehydration,a,3,[Si],-10.7,88,no,polarized FTIR E ,, a,Ferriss,in prep,86.2,bulk H,kiki,1000,0.0001,,Ni-NiO-2.6,-13.1,dehydration,a,3,[Si],-10.7,88,no,polarized FTIR E ,, a,Ferriss,in prep,86.2,bulk H,kiki,1000,0.0001,,Ni-NiO-2.6,-13.1,dehydration,a,3,[Si],-10.7,88,no,polarized FTIR E ,, a,Ferriss,in prep,86.2,bulk H,kiki,1000,0.0001,,Ni-NiO-2.6,-13.1,dehydration,a,3,[Si],-10.7,88,no,polarized FTIR E ,, a,Ferriss,in prep,86.2,bulk H,kiki,1000,0.0001,,Ni-NiO-2.6,-13.1,dehydration,a,3,[Si],-10.7,88,no,polarized FTIR E ,, a,Ferriss,in prep,86.2,bulk H,kiki,1000,0.0001,,Ni-NiO-2.6,-13.1,dehydration,a,3,[Si],-10.7,88,no,polarized FTIR E ,, a,Ferriss,in prep,86.2,bulk H,kiki,1000,0.0001,,Ni-NiO-2.6,-13.1,dehydration,a,3,[Si],-10.7,88,no,polarized FTIR E ,, a,Ferriss,in prep,86.2,bulk H,kiki,1000,0.0001,,Ni-NiO-2.6,-13.1,dehydration,a,3,[Si],-10.7,88,no,polarized FTIR E ,, a,Ferriss,in prep,86.2,bulk H,kiki,1000,0.0001,,Ni-NiO-2.6,-13.1,dehydration,a,3,[Si],-10.7,88,no,polarized FTIR E ,, a,Ferriss,in prep,86.2,bulk H,kiki
Ferriss,in prep,86.2,3525,1000,0.0001,Ni-NiO-2.6,-13.1,dehydration,kiki,b,3,[Ti],-12.2,0.4,93,no,polarized FTIR E ,,Ferriss,in prep,86.2,bulk H,kiki,1000,0.0001,,Ni-NiO-2.6,-13.1,dehydration,b,3,[Si],-12,88,no,polarized FTIR E ,, a,Ferriss,in prep,86.2,bulk H,kiki,1000,0.0001,,Ni-NiO-2.6,-13.1,dehydration,b,3,[Si],-12,88,no,polarized FTIR E ,, a,Ferriss,in prep,86.2,bulk H,kiki,1000,0.0001,,Ni-NiO-2.6,-13.1,dehydration,b,3,[Si],-12,88,no,polarized FTIR E ,, a,Ferriss,in prep,86.2,bulk H,kiki,1000,0.0001,,Ni-NiO-2.6,-13.1,dehydration,b,3,[Si],-12,88,no,polarized FTIR E ,, a,Ferriss,in prep,86.2,bulk H,kiki,1000,0.0001,,Ni-NiO-2.6,-13.1,dehydration,b,3,[Si],-12,88,no,polarized FTIR E ,, a,Ferriss,in prep,86.2,bulk H,kiki,1000,0.0001,,Ni-NiO-2.6,-13.1,dehydration,b,3,[Si],-12,88,no,polarized FTIR E ,, a,Ferriss,in prep,86.2,bulk H,kiki,1000,0.0001,,Ni-NiO-2.6,-13.1,dehydration,b,3,[Si],-12,88,no,polarized FTIR E ,, a,Ferriss,in prep,86.2,bulk H,kiki,1000,0.0001,,Ni-NiO-2.6,-13.1,dehydration,b,3,[Si],-12,88,no,polarized FTIR E ,, a,Ferriss,in prep,86.2,bulk H,kiki,1000,0.0001,,Ni-NiO-2.6,-13.1,dehydration,b,3,[Si],-12,88,no,polarized FTIR E ,, a,Ferriss,in prep,86.2,bulk H,kiki,1000,0.0001,,Ni-NiO-2.6,-13.1,dehydration,b,3,[Si],-12,88,no,polarized FTIR E ,, a,Ferriss,in prep,86.2,bulk H,kiki,1000,0.0001,,Ni-NiO-2.6,-13.1,dehydration,b,3,[Si],-12,88,no,polarized FTIR E ,, a,Ferriss,in prep,86.2,bulk H,kiki,1000,0.0001,,Ni-NiO-2.6,-13.1,dehydration,b,3,[Si],-12,88,no,polarized FTIR E ,, a,Ferriss,in prep,86.2,bulk H,kiki,1000,0.0001,,Ni-NiO-2.6,-13.1,dehydration,b,3,[Si],-12,88,no,polarized FTIR E ,, a,Ferriss,in prep,86.2,bulk H,kiki,1000,0.0001,,Ni-NiO-2.6,-13.1,dehydration,b,3,[Si],-12,88,no,polarized FTIR E ,, a,Ferriss,in prep,86.2,bulk H,kiki,1000,0.0001,,Ni-NiO-2.6,-13.1,dehydration,b,3,[Si],-12,88,no,polarized FTIR E ,, a,Ferriss,in prep,86.2,bulk H,kiki,1000,0.0001,,Ni-NiO-2.6,-13.1,dehydration,b,3,[Si],-12,88,no,polarized FTIR E ,, a,Ferriss,in prep,86.2,bulk H,kiki,1000,0.0001,,Ni-NiO-2.6,-13.1,dehydration,b,3,[Si],-12,88,no,polarized FTIR E ,, a,Ferriss,in prep,86.2,bulk H,kiki,1000,0.0001,,Ni-NiO-2.6,-13.1,dehydration,b,3,[Si],-12,88,no,polarized FTIR E ,, a,Ferriss,in prep,86.2,bulk H,kiki,1000,0.0001,,Ni-NiO-2.6,-13.1,dehydration,b,3,[Si],-12,88,no,polarized FTIR E ,, a,Ferriss,in prep,86.2,bulk H,kiki,1000,0.0001,,Ni-NiO-2.6,-13.1,dehydration,b,3,[Si],-12,88,no,polarized FTIR E ,, a,Ferriss,in prep,86.2,bulk H,kiki,1000,0.0001,,Ni-NiO-2.6,-13.1,dehydration,b,3,[Si],-12,88,no,polarized FTIR E ,, a,Ferriss,in prep,86.2,bulk H,kiki,1000,0.0001,,Ni-NiO-2.6,-13.1,dehydration,b,3,[Si],-12,88,no,polarized FTIR E ,, a,Ferriss,in prep,86.2,bulk H,kiki,1000,0.0001,,Ni-NiO-2.6,-13.1,dehydration,b,3,[Si],-12,88,no,polarized FTIR E ,, a,Ferriss,in prep,86.2,bulk H,kiki,1000,0.0001,,Ni-NiO-2.6,-13.1,dehydration,b,3,[Si],-12,88,no,polarized FTIR E ,, a,Ferriss,in prep,86.2,bulk H,kiki,1000,0.0001,,Ni-NiO-2.6,-13.1,dehydration,b,3,[Si],-12,88,no,polarized FTIR E ,, a,Ferriss,in prep,86.2,bulk H,kiki,1000,0.0001,,Ni-NiO-2.6,-13.1,dehydration,b,3,[Si],-12,88,no,polarized FTIR E ,, a,Ferriss,in prep,86.2,bulk H,kiki,1000,0.0001,,Ni-NiO-2.6,-13.1,dehydration,b,3,[Si],-12,88,no,polarized FTIR E ,, a,Ferriss,in prep,86.2,bulk H,kiki,1000,0.0001,,Ni-NiO-2.6,-13.1,dehydration,b,3,[Si],-12,88,no,polarized FTIR E ,, a,Ferriss,in prep,86.2,bulk H,kiki,1000,0.0001,,Ni-NiO-2.6,-13.1,dehydration,b,3,[Si],-12,88,no,polarized FTIR E ,, a,Ferriss,in prep,86.2,bulk H,kiki,1000,0.0001,,Ni-NiO-2.6,-13.1,dehydration,b,3,[Si],-12,88,no,polarized FTIR E ,, a,Ferriss,in prep,86.2,bulk H,kiki,1000,0.0001,,Ni-NiO-2.6,-13.1,dehydration,b,3,[Si],-12,88,no,polarized FTIR E ,, a,Ferriss,in prep,86.2,bulk H,kiki,1000,0.0001,,Ni-NiO-2.6,-13.1,dehydration,b,3,[Si],-12,88,no,polarized FTIR E ,, a,Ferriss,in prep,86.2,bulk H,kiki,1000,0.0001,,Ni-NiO-2.6,-13.1,dehydration,b,3,[Si],-12,88,no,polarized FTIR E ,, a,Ferriss,in prep,86.2,bulk H,kiki,1000,0.0001,,Ni-NiO-2.6,-13.1,dehydration,b,3,[Si],-12,88,no,polarized FTIR E ,, a,Ferriss,in prep,86.2,bulk H,kiki,1000,0.0001,,Ni-NiO-2.6,-13.1,dehydration,b,3,[Si],-12,88,no,polarized FTIR E ,, a,Ferriss,in prep,86.2,bulk H,kiki,1000,0.0001,,Ni-NiO-2.6,-13.1,dehydration,b,3,[Si],-12,88,no,polarized FTIR E ,, a,Ferriss,in prep,86.2,bulk H,kiki,1000,0.0001,,Ni-NiO-2.6,-13.1,dehydration,b,3,[Si],-12,88,no,polarized FTIR E ,, a,Ferriss,in prep,86.2,bulk H,kiki,1000,0.0001,,Ni-NiO-2.6,-13.1,dehydration,b,3,[Si],-12,88,no,polarized FTIR E ,, a,Ferriss,in prep,86.2,bulk H,kiki,1000,0.0001,,Ni-NiO-2.6,-13.1,dehydration,b,3,[Si],-12,88,no,polarized FTIR E ,, a,Ferriss,in prep,86.2,bulk H,kiki,1000,0.0001,,Ni-NiO-2.6,-13.1,dehydration,b,3,[Si],-12,88,no,polarized FTIR E ,, a,Ferriss,in prep,86.2,bulk H,kiki,1000,0.0001,,Ni-NiO-2.6,-13.1,dehydration,b,3,[Si],-12,88,no,polarized FTIR E ,, a,Ferriss,in prep,86.2,bulk H,kiki,1000,0.0001,,Ni-NiO-2.6,-13.1,dehydration,b,3,[Si],-12,88,no,polarized FTIR E ,, a,Ferriss,in prep,86.2,bulk H,kiki,1000,0.0001,,Ni-NiO-2.6,-13.1,dehydration,b,3,[Si],-12,88,no,polarized FTIR E ,, a,Ferriss,in prep,86.2,bulk H,kiki,1000,0.0001,,Ni-NiO-2.6,-13.1,dehydration,b,3,[Si],-12,88,no,polarized FTIR E ,, a,Ferriss,in prep,86.2,bulk H,kiki,1000,0.0001,,Ni-NiO-2.6,-13.1,dehydration,b,3,[Si],-12,88,no,polarized FTIR E ,, a,Ferriss,in prep,86.2,bulk H,kiki,1000,0.0001,,Ni-NiO-2.6,-13.1,dehydration,b,3,[Si],-12,88,no,polarized FTIR E ,, a,Ferriss,in prep,86.2,bulk H,kiki,1000,0.0001,,Ni-NiO-2.6,-13.1,dehydration,b,3,[Si],-12,88,no,polarized FTIR E ,, a,Ferriss,in prep,86.2,bulk H,kiki,1000,0.0001,,Ni-NiO-2.6,-13.1,dehydration,b,3,[Si],-12,88,no,polarized FTIR E ,, a,Ferriss,in prep,86.2,bulk H,kiki,1000,0.0001,,Ni-NiO-2.6,-13.1,dehydration,b,3,[Si],-12,88,no,polarized FTIR E ,, a,Ferriss,in prep,86.2,bulk H,kiki,1000,0.0001,,Ni-NiO-2.6,-13.1,dehydration,b,3,[Si],-12,88,no,polarized FTIR E ,, a,Ferriss,in prep,86.2,bulk H,kiki
Ferriss,in prep,86.2,3525,1000,0.0001,Ni-NiO-2.6,-13.1,dehydration,kiki,c,3,[Ti],-11.9,0.4,93,no,polarized FTIR E ,,Ferriss,in prep,86.2,bulk H,kiki,1000,0.0001,,Ni-NiO-2.6,-13.1,dehydration,c,3,[Si],-11.9,88,no,polarized FTIR E ,, a,Ferriss,in prep,86.2,bulk H,kiki,1000,0.0001,,Ni-NiO-2.6,-13.1,dehydration,c,3,[Si],-11.9,88,no,polarized FTIR E ,, a,Ferriss,in prep,86.2,bulk H,kiki,1000,0.0001,,Ni-NiO-2.6,-13.1,dehydration,c,3,[Si],-11.9,88,no,polarized FTIR E ,, a,Ferriss,in prep,86.2,bulk H,kiki,1000,0.0001,,Ni-NiO-2.6,-13.1,dehydration,c,3,[Si],-11.9,88,no,polarized FTIR E ,, a,Ferriss,in prep,86.2,bulk H,kiki,1000,0.0001,,Ni-NiO-2.6,-13.1,dehydration,c,3,[Si],-11.9,88,no,polarized FTIR E ,, a,Ferriss,in prep,86.2,bulk H,kiki,1000,0.0001,,Ni-NiO-2.6,-13.1,dehydration,c,3,[Si],-11.9,88,no,polarized FTIR E ,, a,Ferriss,in prep,86.2,bulk H,kiki,1000,0.0001,,Ni-NiO-2.6,-13.1,dehydration,c,3,[Si],-11.9,88,no,polarized FTIR E ,, a,Ferriss,in prep,86.2,bulk H,kiki,1000,0.0001,,Ni-NiO-2.6,-13.1,dehydration,c,3,[Si],-11.9,88,no,polarized FTIR E ,, a,Ferriss,in prep,86.2,bulk H,kiki,1000,0.0001,,Ni-NiO-2.6,-13.1,dehydration,c,3,[Si],-11.9,88,no,polarized FTIR E ,, a,Ferriss,in prep,86.2,bulk H,kiki,1000,0.0001,,Ni-NiO-2.6,-13.1,dehydration,c,3,[Si],-11.9,88,no,polarized FTIR E ,, a,Ferriss,in prep,86.2,bulk H,kiki,1000,0.0001,,Ni-NiO-2.6,-13.1,dehydration,c,3,[Si],-11.9,88,no,polarized FTIR E ,, a,Ferriss,in prep,86.2,bulk H,kiki,1000,0.0001,,Ni-NiO-2.6,-13.1,dehydration,c,3,[Si],-11.9,88,no,polarized FTIR E ,, a,Ferriss,in prep,86.2,bulk H,kiki,1000,0.0001,,Ni-NiO-2.6,-13.1,dehydration,c,3,[Si],-11.9,88,no,polarized FTIR E ,, a,Ferriss,in prep,86.2,bulk H,kiki,1000,0.0001,,Ni-NiO-2.6,-13.1,dehydration,c,3,[Si],-11.9,88,no,polarized FTIR E ,, a,Ferriss,in prep,86.2,bulk H,kiki,1000,0.0001,,Ni-NiO-2.6,-13.1,dehydration,c,3,[Si],-11.9,88,no,polarized FTIR E ,, a,Ferriss,in prep,86.2,bulk H,kiki,1000,0.0001,,Ni-NiO-2.6,-13.1,dehydration,c,3,[Si],-11.9,88,no,polarized FTIR E ,, a,Ferriss,in prep,86.2,bulk H,kiki,1000,0.0001,,Ni-NiO-2.6,-13.1,dehydration,c,3,[Si],-11.9,88,no,polarized FTIR E ,, a,Ferriss,in prep,86.2,bulk H,kiki,1000,0.0001,,Ni-NiO-2.6,-13.1,dehydration,c,3,[Si],-11.9,88,no,polarized FTIR E ,, a,Ferriss,in prep,86.2,bulk H,kiki,1000,0.0001,,Ni-NiO-2.6,-13.1,dehydration,c,3,[Si],-11.9,88,no,polarized FTIR E ,, a,Ferriss,in prep,86.2,bulk H,kiki,1000,0.0001,,Ni-NiO-2.6,-13.1,dehydration,c,3,[Si],-11.9,88,no,polarized FTIR E ,, a,Ferriss,in prep,86.2,bulk H,kiki,1000,0.0001,,Ni-NiO-2.6,-13.1,dehydration,c,3,[Si],-11.9,88,no,polarized FTIR E ,, a,Ferriss,in prep,86.2,bulk H,kiki,1000,0.0001,,Ni-NiO-2.6,-13.1,dehydration,c,3,[Si],-11.9,88,no,polarized FTIR E ,, a,Ferriss,in prep,86.2,bulk H,kiki,1000,0.0001,,Ni-NiO-2.6,-13.1,dehydration,c,3,[Si],-11.9,88,no,polarized FTIR E ,, a,Ferriss,in prep,86.2,bulk H,kiki,1000,0.0001,,Ni-NiO-2.6,-13.1,dehydration,c,3,[Si],-11.9,88,no,polarized FTIR E ,, a,Ferriss,in prep,86.2,bulk H,kiki,1000,0.0001,,Ni-NiO-2.6,-13.1,dehydration,c,3,[Si],-11.9,88,no,polarized FTIR E ,, a,Ferriss,in prep,86.2,bulk H,kiki,1000,0.0001,,Ni-NiO-2.6,-13.1,dehydration,c,3,[Si],-11.9,88,no,polarized FTIR E ,, a,Ferriss,in prep,86.2,bulk H,kiki,1000,0.0001,,Ni-NiO-2.6,-13.1,dehydration,c,3,[Si],-11.9,88,no,polarized FTIR E ,, a,Ferriss,in prep,86.2,bulk H,kiki,1000,0.0001,,Ni-NiO-2.6,-13.1,dehydration,c,3,[Si],-11.9,88,no,polarized FTIR E ,, a,Ferriss,in prep,86.2,bulk H,kiki,1000,0.0001,,Ni-NiO-2.6,-13.1,dehydration,c,3,[Si],-11.9,88,no,polarized FTIR E ,, a,Ferriss,in prep,86.2,bulk H,kiki,1000,0.0001,,Ni-NiO-2.6,-13.1,dehydration,c,3,[Si],-11.9,88,no,polarized FTIR E ,, a,Ferriss,in prep,86.2,bulk H,kiki,1000,0.0001,,Ni-NiO-2.6,-13.1,dehydration,c,3,[Si],-11.9,88,no,polarized FTIR E ,, a,Ferriss,in prep,86.2,bulk H,kiki,1000,0.0001,,Ni-NiO-2.6,-13.1,dehydration,c,3,[Si],-11.9,88,no,polarized FTIR E ,, a,Ferriss,in prep,86.2,bulk H,kiki,1000,0.0001,,Ni-NiO-2.6,-13.1,dehydration,c,3,[Si],-11.9,88,no,polarized FTIR E ,, a,Ferriss,in prep,86.2,bulk H,kiki,1000,0.0001,,Ni-NiO-2.6,-13.1,dehydration,c,3,[Si],-11.9,88,no,polarized FTIR E ,, a,Ferriss,in prep,86.2,bulk H,kiki,1000,0.0001,,Ni-NiO-2.6,-13.1,dehydration,c,3,[Si],-11.9,88,no,polarized FTIR E ,, a,Ferriss,in prep,86.2,bulk H,kiki,1000,0.0001,,Ni-NiO-2.6,-13.1,dehydration,c,3,[Si],-11.9,88,no,polarized FTIR E ,, a,Ferriss,in prep,86.2,bulk H,kiki,1000,0.0001,,Ni-NiO-2.6,-13.1,dehydration,c,3,[Si],-11.9,88,no,polarized FTIR E ,, a,Ferriss,in prep,86.2,bulk H,kiki,1000,0.0001,,Ni-NiO-2.6,-13.1,dehydration,c,3,[Si],-11.9,88,no,polarized FTIR E ,, a,Ferriss,in prep,86.2,bulk H,kiki,1000,0.0001,,Ni-NiO-2.6,-13.1,dehydration,c,3,[Si],-11.9,88,no,polarized FTIR E ,, a,Ferriss,in prep,86.2,bulk H,kiki,1000,0.0001,,Ni-NiO-2.6,-13.1,dehydration,c,3,[Si],-11.9,88,no,polarized FTIR E ,, a,Ferriss,in prep,86.2,bulk H,kiki,1000,0.0001,,Ni-NiO-2.6,-13.1,dehydration,c,3,[Si],-11.9,88,no,polarized FTIR E ,, a,Ferriss,in prep,86.2,bulk H,kiki,1000,0.0001,,Ni-NiO-2.6,-13.1,dehydration,c,3,[Si],-11.9,88,no,polarized FTIR E ,, a,Ferriss,in prep,86.2,bulk H,kiki,1000,0.0001,,Ni-NiO-2.6,-13.1,dehydration,c,3,[Si],-11.9,88,no,polarized FTIR E ,, a,Ferriss,in prep,86.2,bulk H,kiki,1000,0.0001,,Ni-NiO-2.6,-13.1,dehydration,c,3,[Si],-11.9,88,no,polarized FTIR E ,, a,Ferriss,in prep,86.2,bulk H,kiki,1000,0.0001,,Ni-NiO-2.6,-13.1,dehydration,c,3,[Si],-11.9,88,no,polarized FTIR E ,, a,Ferriss,in prep,86.2,bulk H,kiki,1000,0.0001,,Ni-NiO-2.6,-13.1,dehydration,c,3,[Si],-11.9,88,no,polarized FTIR E ,, a,Ferriss,in prep,86.2,bulk H,kiki,1000,0.0001,,Ni-NiO-2.6,-13.1,dehydration,c,3,[Si],-11.9,88,no,polarized FTIR E ,, a,Ferriss,in prep,86.2,bulk H,kiki,1000,0.0001,,Ni-NiO-2.6,-13.1,dehydration,c,3,[Si],-11.9,88,no,polarized FTIR E ,, a,Ferriss,in prep,86.2,bulk H,kiki,1000,0.0001,,Ni-NiO-2.6,-13.1,dehydration,c,3,[Si],-11.9,88,no,polarized FTIR E ,, a,Ferriss,in prep,86.2,bulk H,kiki,1000,0.0001,,Ni-NiO-2.6,-13.1,dehydration,c,3,[Si],-11.9,88,no,polarized FTIR E ,, a,Ferriss,in prep,86.2,bulk H,kiki
Ferriss,in prep,86.2,3525,1000,0.0001,Ni-NiO-2.6,-13.1,dehydration,kiki,a,6,[Ti],-10.9,0.3,91,no,polarized FTIR E ,,Ferriss,in prep,86.2,bulk H,kiki,1000,0.0001,,Ni-NiO-2.6,-13.1,dehydration,a,6,[Si],-10.7,88,no,polarized FTIR E ,, a,Ferriss,in prep,86.2,bulk H,kiki,1000,0.0001,,Ni-NiO-2.6,-13.1,dehydration,a,6,[Si],-10.7,88,no,polarized FTIR E ,, a,Ferriss,in prep,86.2,bulk H,kiki,1000,0.0001,,Ni-NiO-2.6,-13.1,dehydration,a,6,[Si],-10.7,88,no,polarized FTIR E ,, a,Ferriss,in prep,86.2,bulk H,kiki,1000,0.0001,,Ni-NiO-2.6,-13.1,dehydration,a,6,[Si],-10.7,88,no,polarized FTIR E ,, a,Ferriss,in prep,86.2,bulk H,kiki,1000,0.0001,,Ni-NiO-2.6,-13.1,dehydration,a,6,[Si],-10.7,88,no,polarized FTIR E ,, a,Ferriss,in prep,86.2,bulk H,kiki,1000,0.0001,,Ni-NiO-2.6,-13.1,dehydration,a,6,[Si],-10.7,88,no,polarized FTIR E ,, a,Ferriss,in prep,86.2,bulk H,kiki,1000,0.0001,,Ni-NiO-2.6,-13.1,dehydration,a,6,[Si],-10.7,88,no,polarized FTIR E ,, a,Ferriss,in prep,86.2,bulk H,kiki,1000,0.0001,,Ni-NiO-2.6,-13.1,dehydration,a,6,[Si],-10.7,88,no,polarized FTIR E ,, a,Ferriss,in prep,86.2,bulk H,kiki,1000,0.0001,,Ni-NiO-2.6,-13.1,dehydration,a,6,[Si],-10.7,88,no,polarized FTIR E ,, a,Ferriss,in prep,86.2,bulk H,kiki,1000,0.0001,,Ni-NiO-2.6,-13.1,dehydration,a,6,[Si],-10.7,88,no,polarized FTIR E ,, a,Ferriss,in prep,86.2,bulk H,kiki,1000,0.0001,,Ni-NiO-2.6,-13.1,dehydration,a,6,[Si],-10.7,88,no,polarized FTIR E ,, a,Ferriss,in prep,86.2,bulk H,kiki,1000,0.0001,,Ni-NiO-2.6,-13.1,dehydration,a,6,[Si],-10.7,88,no,polarized FTIR E ,, a,Ferriss,in prep,86.2,bulk H,kiki,1000,0.0001,,Ni-NiO-2.6,-13.1,dehydration,a,6,[Si],-10.7,88,no,polarized FTIR E ,, a,Ferriss,in prep,86.2,bulk H,kiki,1000,0.0001,,Ni-NiO-2.6,-13.1,dehydration,a,6,[Si],-10.7,88,no,polarized FTIR E ,, a,Ferriss,in prep,86.2,bulk H,kiki,1000,0.0001,,Ni-NiO-2.6,-13.1,dehydration,a,6,[Si],-10.7,88,no,polarized FTIR E ,, a,Ferriss,in prep,86.2,bulk H,kiki,1000,0.0001,,Ni-NiO-2.6,-13.1,dehydration,a,6,[Si],-10.7,88,no,polarized FTIR E ,, a,Ferriss,in prep,86.2,bulk H,kiki,1000,0.0001,,Ni-NiO-2.6,-13.1,dehydration,a,6,[Si],-10.7,88,no,polarized FTIR E ,, a,Ferriss,in prep,86.2,bulk H,kiki,1000,0.0001,,Ni-NiO-2.6,-13.1,dehydration,a,6,[Si],-10.7,88,no,polarized FTIR E ,, a,Ferriss,in prep,86.2,bulk H,kiki,1000,0.0001,,Ni-NiO-2.6,-13.1,dehydration,a,6,[Si],-10.7,88,no,polarized FTIR E ,, a,Ferriss,in prep,86.2,bulk H,kiki,1000,0.0001,,Ni-NiO-2.6,-13.1,dehydration,a,6,[Si],-10.7,88,no,polarized FTIR E ,, a,Ferriss,in prep,86.2,bulk H,kiki,1000,0.0001,,Ni-NiO-2.6,-13.1,dehydration,a,6,[Si],-10.7,88,no,polarized FTIR E ,, a,Ferriss,in prep,86.2,bulk H,kiki,1000,0.0001,,Ni-NiO-2.6,-13.1,dehydration,a,6,[Si],-10.7,88,no,polarized FTIR E ,, a,Ferriss,in prep,86.2,bulk H,kiki,1000,0.0001,,Ni-NiO-2.6,-13.1,dehydration,a,6,[Si],-10.7,88,no,polarized FTIR E ,, a,Ferriss,in prep,86.2,bulk H,kiki,1000,0.0001,,Ni-NiO-2.6,-13.1,dehydration,a,6,[Si],-10.7,88,no,polarized FTIR E ,, a,Ferriss,in prep,86.2,bulk H,kiki,1000,0.0001,,Ni-NiO-2.6,-13.1,dehydration,a,6,[Si],-10.7,88,no,polarized FTIR E ,, a,Ferriss,in prep,86.2,bulk H,kiki,1000,0.0001,,Ni-NiO-2.6,-13.1,dehydration,a,6,[Si],-10.7,88,no,polarized FTIR E ,, a,Ferriss,in prep,86.2,bulk H,kiki,1000,0.0001,,Ni-NiO-2.6,-13.1,dehydration,a,6,[Si],-10.7,88,no,polarized FTIR E ,, a,Ferriss,in prep,86.2,bulk H,kiki,1000,0.0001,,Ni-NiO-2.6,-13.1,dehydration,a,6,[Si],-10.7,88,no,polarized FTIR E ,, a,Ferriss,in prep,86.2,bulk H,kiki,1000,0.0001,,Ni-NiO-2.6,-13.1,dehydration,a,6,[Si],-10.7,88,no,polarized FTIR E ,, a,Ferriss,in prep,86.2,bulk H,kiki,1000,0.0001,,Ni-NiO-2.6,-13.1,dehydration,a,6,[Si],-10.7,88,no,polarized FTIR E ,, a,Ferriss,in prep,86.2,bulk H,kiki,1000,0.0001,,Ni-NiO-2.6,-13.1,dehydration,a,6,[Si],-10.7,88,no,polarized FTIR E ,, a,Ferriss,in prep,86.2,bulk H,kiki,1000,0.0001,,Ni-NiO-2.6,-13.1,dehydration,a,6,[Si],-10.7,88,no,polarized FTIR E ,, a,Ferriss,in prep,86.2,bulk H,kiki,1000,0.0001,,Ni-NiO-2.6,-13.1,dehydration,a,6,[Si],-10.7,88,no,polarized FTIR E ,, a,Ferriss,in prep,86.2,bulk H,kiki,1000,0.0001,,Ni-NiO-2.6,-13.1,dehydration,a,6,[Si],-10.7,88,no,polarized FTIR E ,, a,Ferriss,in prep,86.2,bulk H,kiki,1000,0.0001,,Ni-NiO-2.6,-13.1,dehydration,a,6,[Si],-10.7,88,no,polarized FTIR E ,, a,Ferriss,in prep,86.2,bulk H,kiki,1000,0.0001,,Ni-NiO-2.6,-13.1,dehydration,a,6,[Si],-10.7,88,no,polarized FTIR E ,, a,Ferriss,in prep,86.2,bulk H,kiki,1000,0.0001,,Ni-NiO-2.6,-13.1,dehydration,a,6,[Si],-10.7,88,no,polarized FTIR E ,, a,Ferriss,in prep,86.2,bulk H,kiki,1000,0.0001,,Ni-NiO-2.6,-13.1,dehydration,a,6,[Si],-10.7,88,no,polarized FTIR E ,, a,Ferriss,in prep,86.2,bulk H,kiki,1000,0.0001,,Ni-NiO-2.6,-13.1,dehydration,a,6,[Si],-10.7,88,no,polarized FTIR E ,, a,Ferriss,in prep,86.2,bulk H,kiki,1000,0.0001,,Ni-NiO-2.6,-13.1,dehydration,a,6,[Si],-10.7,88,no,polarized FTIR E ,, a,Ferriss,in prep,86.2,bulk H,kiki,1000,0.0001,,Ni-NiO-2.6,-13.1,dehydration,a,6,[Si],-10.7,88,no,polarized FTIR E ,, a,Ferriss,in prep,86.2,bulk H,kiki,1000,0.0001,,Ni-NiO-2.6,-13.1,dehydration,a,6,[Si],-10.7,88,no,polarized FTIR E ,, a,Ferriss,in prep,86.2,bulk H,kiki,1000,0.0001,,Ni-NiO-2.6,-13.1,dehydration,a,6,[Si],-10.7,88,no,polarized FTIR E ,, a,Ferriss,in prep,86.2,bulk H,kiki,1000,0.0001,,Ni-NiO-2.6,-13.1,dehydration,a,6,[Si],-10.7,88,no,polarized FTIR E ,, a,Ferriss,in prep,86.2,bulk H,kiki,1000,0.0001,,Ni-NiO-2.6,-13.1,dehydration,a,6,[Si],-10.7,88,no,polarized FTIR E ,, a,Ferriss,in prep,86.2,bulk H,kiki,1000,0.0001,,Ni-NiO-2.6,-13.1,dehydration,a,6,[Si],-10.7,88,no,polarized FTIR E ,, a,Ferriss,in prep,86.2,bulk H,kiki,1000,0.0001,,Ni-NiO-2.6,-13.1,dehydration,a,6,[Si],-10.7,88,no,polarized FTIR E ,, a,Ferriss,in prep,86.2,bulk H,kiki,1000,0.0001,,Ni-NiO-2.6,-13.1,dehydration,a,6,[Si],-10.7,88,no,polarized FTIR E ,, a,Ferriss,in prep,86.2,bulk H,kiki,1000,0.0001,,Ni-NiO-2.6,-13.1,dehydration,a,6,[Si],-10.7,88,no,polarized FTIR E ,, a,Ferriss,in prep,86.2,bulk H,kiki,1000,0.0001,,Ni-NiO-2.6,-13.1,dehydration,a,6,[Si],-10.7,88,no,polarized FTIR E ,, a,Ferriss,in prep,86.2,bulk H,kiki
Ferriss,in prep,86.2,3525,1000,0.0001,Ni-NiO-2.6,-13.1,dehydration,kiki,b,6,[Ti],-12.2,0.3,91,no,polarized FTIR E ,,Ferriss,in prep,86.2,bulk H,kiki,1000,0.0001,,Ni-NiO-2.6,-13.1,dehydration,b,6,[Si],-12,88,no,polarized FTIR E ,, a,Ferriss,in prep,86.2,bulk H,kiki,1000,0.0001,,Ni-NiO-2.6,-13.1,dehydration,b,6,[Si],-12,88,no,polarized FTIR E ,, a,Ferriss,in prep,86.2,bulk H,kiki,1000,0.0001,,Ni-NiO-2.6,-13.1,dehydration,b,6,[Si],-12,88,no,polarized FTIR E ,, a,Ferriss,in prep,86.2,bulk H,kiki,1000,0.0001,,Ni-NiO-2.6,-13.1,dehydration,b,6,[Si],-12,88,no,polarized FTIR E ,, a,Ferriss,in prep,86.2,bulk H,kiki,1000,0.0001,,Ni-NiO-2.6,-13.1,dehydration,b,6,[Si],-12,88,no,polarized FTIR E ,, a,Ferriss,in prep,86.2,bulk H,kiki,1000,0.0001,,Ni-NiO-2.6,-13.1,dehydration,b,6,[Si],-12,88,no,polarized FTIR E ,, a,Ferriss,in prep,86.2,bulk H,kiki,1000,0.0001,,Ni-NiO-2.6,-13.1,dehydration,b,6,[Si],-12,88,no,polarized FTIR E ,, a,Ferriss,in prep,86.2,bulk H,kiki,1000,0.0001,,Ni-NiO-2.6,-13.1,dehydration,b,6,[Si],-12,88,no,polarized FTIR E ,, a,Ferriss,in prep,86.2,bulk H,kiki,1000,0.0001,,Ni-NiO-2.6,-13.1,dehydration,b,6,[Si],-12,88,no,polarized FTIR E ,, a,Ferriss,in prep,86.2,bulk H,kiki,1000,0.0001,,Ni-NiO-2.6,-13.1,dehydration,b,6,[Si],-12,88,no,polarized FTIR E ,, a,Ferriss,in prep,86.2,bulk H,kiki,1000,0.0001,,Ni-NiO-2.6,-13.1,dehydration,b,6,[Si],-12,88,no,polarized FTIR E ,, a,Ferriss,in prep,86.2,bulk H,kiki,1000,0.0001,,Ni-NiO-2.6,-13.1,dehydration,b,6,[Si],-12,88,no,polarized FTIR E ,, a,Ferriss,in prep,86.2,bulk H,kiki,1000,0.0001,,Ni-NiO-2.6,-13.1,dehydration,b,6,[Si],-12,88,no,polarized FTIR E ,, a,Ferriss,in prep,86.2,bulk H,kiki,1000,0.0001,,Ni-NiO-2.6,-13.1,dehydration,b,6,[Si],-12,88,no,polarized FTIR E ,, a,Ferriss,in prep,86.2,bulk H,kiki,1000,0.0001,,Ni-NiO-2.6,-13.1,dehydration,b,6,[Si],-12,88,no,polarized FTIR E ,, a,Ferriss,in prep,86.2,bulk H,kiki,1000,0.0001,,Ni-NiO-2.6,-13.1,dehydration,b,6,[Si],-12,88,no,polarized FTIR E ,, a,Ferriss,in prep,86.2,bulk H,kiki,1000,0.0001,,Ni-NiO-2.6,-13.1,dehydration,b,6,[Si],-12,88,no,polarized FTIR E ,, a,Ferriss,in prep,86.2,bulk H,kiki,1000,0.0001,,Ni-NiO-2.6,-13.1,dehydration,b,6,[Si],-12,88,no,polarized FTIR E ,, a,Ferriss,in prep,86.2,bulk H,kiki,1000,0.0001,,Ni-NiO-2.6,-13.1,dehydration,b,6,[Si],-12,88,no,polarized FTIR E ,, a,Ferriss,in prep,86.2,bulk H,kiki,1000,0.0001,,Ni-NiO-2.6,-13.1,dehydration,b,6,[Si],-12,88,no,polarized FTIR E ,, a,Ferriss,in prep,86.2,bulk H,kiki,1000,0.0001,,Ni-NiO-2.6,-13.1,dehydration,b,6,[Si],-12,88,no,polarized FTIR E ,, a,Ferriss,in prep,86.2,bulk H,kiki,1000,0.0001,,Ni-NiO-2.6,-13.1,dehydration,b,6,[Si],-12,88,no,polarized FTIR E ,, a,Ferriss,in prep,86.2,bulk H,kiki,1000,0.0001,,Ni-NiO-2.6,-13.1,dehydration,b,6,[Si],-12,88,no,polarized FTIR E ,, a,Ferriss,in prep,86.2,bulk H,kiki,1000,0.0001,,Ni-NiO-2.6,-13.1,dehydration,b,6,[Si],-12,88,no,polarized FTIR E ,, a,Ferriss,in prep,86.2,bulk H,kiki,1000,0.0001,,Ni-NiO-2.6,-13.1,dehydration,b,6,[Si],-12,88,no,polarized FTIR E ,, a,Ferriss,in prep,86.2,bulk H,kiki,1000,0.0001,,Ni-NiO-2.6,-13.1,dehydration,b,6,[Si],-12,88,no,polarized FTIR E ,, a,Ferriss,in prep,86.2,bulk H,kiki,1000,0.0001,,Ni-NiO-2.6,-13.1,dehydration,b,6,[Si],-12,88,no,polarized FTIR E ,, a,Ferriss,in prep,86.2,bulk H,kiki,1000,0.0001,,Ni-NiO-2.6,-13.1,dehydration,b,6,[Si],-12,88,no,polarized FTIR E ,, a,Ferriss,in prep,86.2,bulk H,kiki,1000,0.0001,,Ni-NiO-2.6,-13.1,dehydration,b,6,[Si],-12,88,no,polarized FTIR E ,, a,Ferriss,in prep,86.2,bulk H,kiki,1000,0.0001,,Ni-NiO-2.6,-13.1,dehydration,b,6,[Si],-12,88,no,polarized FTIR E ,, a,Ferriss,in prep,86.2,bulk H,kiki,1000,0.0001,,Ni-NiO-2.6,-13.1,dehydration,b,6,[Si],-12,88,no,polarized FTIR E ,, a,Ferriss,in prep,86.2,bulk H,kiki,1000,0.0001,,Ni-NiO-2.6,-13.1,dehydration,b,6,[Si],-12,88,no,polarized FTIR E ,, a,Ferriss,in prep,86.2,bulk H,kiki,1000,0.0001,,Ni-NiO-2.6,-13.1,dehydration,b,6,[Si],-12,88,no,polarized FTIR E ,, a,Ferriss,in prep,86.2,bulk H,kiki,1000,0.0001,,Ni-NiO-2.6,-13.1,dehydration,b,6,[Si],-12,88,no,polarized FTIR E ,, a,Ferriss,in prep,86.2,bulk H,kiki,1000,0.0001,,Ni-NiO-2.6,-13.1,dehydration,b,6,[Si],-12,88,no,polarized FTIR E ,, a,Ferriss,in prep,86.2,bulk H,kiki,1000,0.0001,,Ni-NiO-2.6,-13.1,dehydration,b,6,[Si],-12,88,no,polarized FTIR E ,, a,Ferriss,in prep,86.2,bulk H,kiki,1000,0.0001,,Ni-NiO-2.6,-13.1,dehydration,b,6,[Si],-12,88,no,polarized FTIR E ,, a,Ferriss,in prep,86.2,bulk H,kiki,1000,0.0001,,Ni-NiO-2.6,-13.1,dehydration,b,6,[Si],-12,88,no,polarized FTIR E ,, a,Ferriss,in prep,86.2,bulk H,kiki,1000,0.0001,,Ni-NiO-2.6,-13.1,dehydration,b,6,[Si],-12,88,no,polarized FTIR E ,, a,Ferriss,in prep,86.2,bulk H,kiki,1000,0.0001,,Ni-NiO-2.6,-13.1,dehydration,b,6,[Si],-12,88,no,polarized FTIR E ,, a,Ferriss,in prep,86.2,bulk H,kiki,1000,0.0001,,Ni-NiO-2.6,-13.1,dehydration,b,6,[Si],-12,88,no,polarized FTIR E ,, a,Ferriss,in prep,86.2,bulk H,kiki,1000,0.0001,,Ni-NiO-2.6,-13.1,dehydration,b,6,[Si],-12,88,no,polarized FTIR E ,, a,Ferriss,in prep,86.2,bulk H,kiki,1000,0.0001,,Ni-NiO-2.6,-13.1,dehydration,b,6,[Si],-12,88,no,polarized FTIR E ,, a,Ferriss,in prep,86.2,bulk H,kiki,1000,0.0001,,Ni-NiO-2.6,-13.1,dehydration,b,6,[Si],-12,88,no,polarized FTIR E ,, a,Ferriss,in prep,86.2,bulk H,kiki,1000,0.0001,,Ni-NiO-2.6,-13.1,dehydration,b,6,[Si],-12,88,no,polarized FTIR E ,, a,Ferriss,in prep,86.2,bulk H,kiki,1000,0.0001,,Ni-NiO-2.6,-13.1,dehydration,b,6,[Si],-12,88,no,polarized FTIR E ,, a,Ferriss,in prep,86.2,bulk H,kiki,1000,0.0001,,Ni-NiO-2.6,-13.1,dehydration,b,6,[Si],-12,88,no,polarized FTIR E ,, a,Ferriss,in prep,86.2,bulk H,kiki,1000,0.0001,,Ni-NiO-2.6,-13.1,dehydration,b,6,[Si],-12,88,no,polarized FTIR E ,, a,Ferriss,in prep,86.2,bulk H,kiki,1000,0.0001,,Ni-NiO-2.6,-13.1,dehydration,b,6,[Si],-12,88,no,polarized FTIR E ,, a,Ferriss,in prep,86.2,bulk H,kiki,1000,0.0001,,Ni-NiO-2.6,-13.1,dehydration,b,6,[Si],-12,88,no,polarized FTIR E ,, a,Ferriss,in prep,86.2,bulk H,kiki
Ferriss,in prep,86.2,3525,1000,0.0001,Ni-NiO-2.6,-13.1,dehydration,kiki,c,6,[Ti],-11.9,0.3,91,no,polarized FTIR E ,,Ferriss,in prep,86.2,bulk H,kiki,1000,0.0001,,Ni-NiO-2.6,-13.1,dehydration,c,6,[Si],-11.9,88,no,polarized FTIR E ,, a,Ferriss,in prep,86.2,bulk H,kiki,1000,0.0001,,Ni-NiO-2.6,-13.1,dehydration,c,6,[Si],-11.9,88,no,polarized FTIR E ,, a,Ferriss,in prep,86.2,bulk H,kiki,1000,0.0001,,Ni-NiO-2.6,-13.1,dehydration,c,6,[Si],-11.9,88,no,polarized FTIR E ,, a,Ferriss,in prep,86.2,bulk H,kiki,1000,0.0001,,Ni-NiO-2.6,-13.1,dehydration,c,6,[Si],-11.9,88,no,polarized FTIR E ,, a,Ferriss,in prep,86.2,bulk H,kiki,1000,0.0001,,Ni-NiO-2.6,-13.1,dehydration,c,6,[Si],-11.9,88,no,polarized FTIR E ,, a,Ferriss,in prep,86.2,bulk H,kiki,1000,0.0001,,Ni-NiO-2.6,-13.1,dehydration,c,6,[Si],-11.9,88,no,polarized FTIR E ,, a,Ferriss,in prep,86.2,bulk H,kiki,1000,0.0001,,Ni-NiO-2.6,-13.1,dehydration,c,6,[Si],-11.9,88,no,polarized FTIR E ,, a,Ferriss,in prep,86.2,bulk H,kiki,1000,0.0001,,Ni-NiO-2.6,-13.1,dehydration,c,6,[Si],-11.9,88,no,polarized FTIR E ,, a,Ferriss,in prep,86.2,bulk H,kiki,1000,0.0001,,Ni-NiO-2.6,-13.1,dehydration,c,6,[Si],-11.9,88,no,polarized FTIR E ,, a,Ferriss,in prep,86.2,bulk H,kiki,1000,0.0001,,Ni-NiO-2.6,-13.1,dehydration,c,6,[Si],-11.9,88,no,polarized FTIR E ,, a,Ferriss,in prep,86.2,bulk H,kiki,1000,0.0001,,Ni-NiO-2.6,-13.1,dehydration,c,6,[Si],-11.9,88,no,polarized FTIR E ,, a,Ferriss,in prep,86.2,bulk H,kiki,1000,0.0001,,Ni-NiO-2.6,-13.1,dehydration,c,6,[Si],-11.9,88,no,polarized FTIR E ,, a,Ferriss,in prep,86.2,bulk H,kiki,1000,0.0001,,Ni-NiO-2.6,-13.1,dehydration,c,6,[Si],-11.9,88,no,polarized FTIR E ,, a,Ferriss,in prep,86.2,bulk H,kiki,1000,0.0001,,Ni-NiO-2.6,-13.1,dehydration,c,6,[Si],-11.9,88,no,polarized FTIR E ,, a,Ferriss,in prep,86.2,bulk H,kiki,1000,0.0001,,Ni-NiO-2.6,-13.1,dehydration,c,6,[Si],-11.9,88,no,polarized FTIR E ,, a,Ferriss,in prep,86.2,bulk H,kiki,1000,0.0001,,Ni-NiO-2.6,-13.1,dehydration,c,6,[Si],-11.9,88,no,polarized FTIR E ,, a,Ferriss,in prep,86.2,bulk H,kiki,1000,0.0001,,Ni-NiO-2.6,-13.1,dehydration,c,6,[Si],-11.9,88,no,polarized FTIR E ,, a,Ferriss,in prep,86.2,bulk H,kiki,1000,0.0001,,Ni-NiO-2.6,-13.1,dehydration,c,6,[Si],-11.9,88,no,polarized FTIR E ,, a,Ferriss,in prep,86.2,bulk H,kiki,1000,0.0001,,Ni-NiO-2.6,-13.1,dehydration,c,6,[Si],-11.9,88,no,polarized FTIR E ,, a,Ferriss,in prep,86.2,bulk H,kiki,1000,0.0001,,Ni-NiO-2.6,-13.1,dehydration,c,6,[Si],-11.9,88,no,polarized FTIR E ,, a,Ferriss,in prep,86.2,bulk H,kiki,1000,0.0001,,Ni-NiO-2.6,-13.1,dehydration,c,6,[Si],-11.9,88,no,polarized FTIR E ,, a,Ferriss,in prep,86.2,bulk H,kiki,1000,0.0001,,Ni-NiO-2.6,-13.1,dehydration,c,6,[Si],-11.9,88,no,polarized FTIR E ,, a,Ferriss,in prep,86.2,bulk H,kiki,1000,0.0001,,Ni-NiO-2.6,-13.1,dehydration,c,6,[Si],-11.9,88,no,polarized FTIR E ,, a,Ferriss,in prep,86.2,bulk H,kiki,1000,0.0001,,Ni-NiO-2.6,-13.1,dehydration,c,6,[Si],-11.9,88,no,polarized FTIR E ,, a,Ferriss,in prep,86.2,bulk H,kiki,1000,0.0001,,Ni-NiO-2.6,-13.1,dehydration,c,6,[Si],-11.9,88,no,polarized FTIR E ,, a,Ferriss,in prep,86.2,bulk H,kiki,1000,0.0001,,Ni-NiO-2.6,-13.1,dehydration,c,6,[Si],-11.9,88,no,polarized FTIR E ,, a,Ferriss,in prep,86.2,bulk H,kiki,1000,0.0001,,Ni-NiO-2.6,-13.1,dehydration,c,6,[Si],-11.9,88,no,polarized FTIR E ,, a,Ferriss,in prep,86.2,bulk H,kiki,1000,0.0001,,Ni-NiO-2.6,-13.1,dehydration,c,6,[Si],-11.9,88,no,polarized FTIR E ,, a,Ferriss,in prep,86.2,bulk H,kiki,1000,0.0001,,Ni-NiO-2.6,-13.1,dehydration,c,6,[Si],-11.9,88,no,polarized FTIR E ,, a,Ferriss,in prep,86.2,bulk H,kiki,1000,0.0001,,Ni-NiO-2.6,-13.1,dehydration,c,6,[Si],-11.9,88,no,polarized FTIR E ,, a,Ferriss,in prep,86.2,bulk H,kiki,1000,0.0001,,Ni-NiO-2.6,-13.1,dehydration,c,6,[Si],-11.9,88,no,polarized FTIR E ,, a,Ferriss,in prep,86.2,bulk H,kiki,1000,0.0001,,Ni-NiO-2.6,-13.1,dehydration,c,6,[Si],-11.9,88,no,polarized FTIR E ,, a,Ferriss,in prep,86.2,bulk H,kiki,1000,0.0001,,Ni-NiO-2.6,-13.1,dehydration,c,6,[Si],-11.9,88,no,polarized FTIR E ,, a,Ferriss,in prep,86.2,bulk H,kiki,1000,0.0001,,Ni-NiO-2.6,-13.1,dehydration,c,6,[Si],-11.9,88,no,polarized FTIR E ,, a,Ferriss,in prep,86.2,bulk H,kiki,1000,0.0001,,Ni-NiO-2.6,-13.1,dehydration,c,6,[Si],-11.9,88,no,polarized FTIR E ,, a,Ferriss,in prep,86.2,bulk H,kiki,1000,0.0001,,Ni-NiO-2.6,-13.1,dehydration,c,6,[Si],-11.9,88,no,polarized FTIR E ,, a,Ferriss,in prep,86.2,bulk H,kiki,1000,0.0001,,Ni-NiO-2.6,-13.1,dehydration,c,6,[Si],-11.9,88,no,polarized FTIR E ,, a,Ferriss,in prep,86.2,bulk H,kiki,1000,0.0001,,Ni-NiO-2.6,-13.1,dehydration,c,6,[Si],-11.9,88,no,polarized FTIR E ,, a,Ferriss,in prep,86.2,bulk H,kiki,1000,0.0001,,Ni-NiO-2.6,-13.1,dehydration,c,6,[Si],-11.9,88,no,polarized FTIR E ,, a,Ferriss,in prep,86.2,bulk H,kiki,1000,0.0001,,Ni-NiO-2.6,-13.1,dehydration,c,6,[Si],-11.9,88,no,polarized FTIR E ,, a,Ferriss,in prep,86.2,bulk H,kiki,1000,0.0001,,Ni-NiO-2.6,-13.1,dehydration,c,6,[Si],-11.9,88,no,polarized FTIR E ,, a,Ferriss,in prep,86.2,bulk H,kiki,1000,0.0001,,Ni-NiO-2.6,-13.1,dehydration,c,6,[Si],-11.9,88,no,polarized FTIR E ,, a,Ferriss,in prep,86.2,bulk H,kiki,1000,0.0001,,Ni-NiO-2.6,-13.1,dehydration,c,6,[Si],-11.9,88,no,polarized FTIR E ,, a,Ferriss,in prep,86.2,bulk H,kiki,1000,0.0001,,Ni-NiO-2.6,-13.1,dehydration,c,6,[Si],-11.9,88,no,polarized FTIR E ,, a,Ferriss,in prep,86.2,bulk H,kiki,1000,0.0001,,Ni-NiO-2.6,-13.1,dehydration,c,6,[Si],-11.9,88,no,polarized FTIR E ,, a,Ferriss,in prep,86.2,bulk H,kiki,1000,0.0001,,Ni-NiO-2.6,-13.1,dehydration,c,6,[Si],-11.9,88,no,polarized FTIR E ,, a,Ferriss,in prep,86.2,bulk H,kiki,1000,0.0001,,Ni-NiO-2.6,-13.1,dehydration,c,6,[Si],-11.9,88,no,polarized FTIR E ,, a,Ferriss,in prep,86.2,bulk H,kiki,1000,0.0001,,Ni-NiO-2.6,-13.1,dehydration,c,6,[Si],-11.9,88,no,polarized FTIR E ,, a,Ferriss,in prep,86.2,bulk H,kiki,1000,0.0001,,Ni-NiO-2.6,-13.1,dehydration,c,6,[Si],-11.9,88,no,polarized FTIR E ,, a,Ferriss,in prep,86.2,bulk H,kiki,1000,0.0001,,Ni-NiO-2.6,-13.1,dehydration,c,6,[Si],-11.9,88,no,polarized FTIR E ,, a,Ferriss,in prep,86.2,bulk H,kiki
Ferriss,in prep,86.2,3525,1000,0.0001,Ni-NiO-2.6,-13.1,dehydration,kiki,a,7,[Ti],-10.9,0.3,91,no,polarized FTIR E ,,Ferriss,in prep,86.2,bulk H,kiki,1000,0.0001,,Ni-NiO-2.6,-13.1,dehydration,a,7,[Si],-10.7,88,no,polarized FTIR E ,, a,Ferriss,in prep,86.2,bulk H,kiki,1000,0.0001,,Ni-NiO-2.6,-13.1,dehydration,a,7,[Si],-10.7,88,no,polarized FTIR E ,, a,Ferriss,in prep,86.2,bulk H,kiki,1000,0.0001,,Ni-NiO-2.6,-13.1,dehydration,a,7,[Si],-10.7,88,no,polarized FTIR E ,, a,Ferriss,in prep,86.2,bulk H,kiki,1000,0.0001,,Ni-NiO-2.6,-13.1,dehydration,a,7,[Si],-10.7,88,no,polarized FTIR E ,, a,Ferriss,in prep,86.2,bulk H,kiki,1000,0.0001,,Ni-NiO-2.6,-13.1,dehydration,a,7,[Si],-10.7,88,no,polarized FTIR E ,, a,Ferriss,in prep,86.2,bulk H,kiki,1000,0.0001,,Ni-NiO-2.6,-13.1,dehydration,a,7,[Si],-10.7,88,no,polarized FTIR E ,, a,Ferriss,in prep,86.2,bulk H,kiki,1000,0.0001,,Ni-NiO-2.6,-13.1,dehydration,a,7,[Si],-10.7,88,no,polarized FTIR E ,, a,Ferriss,in prep,86.2,bulk H,kiki,1000,0.0001,,Ni-NiO-2.6,-13.1,dehydration,a,7,[Si],-10.7,88,no,polarized FTIR E ,, a,Ferriss,in prep,86.2,bulk H,kiki,1000,0.0001,,Ni-NiO-2.6,-13.1,dehydration,a,7,[Si],-10.7,88,no,polarized FTIR E ,, a,Ferriss,in prep,86.2,bulk H,kiki,1000,0.0001,,Ni-NiO-2.6,-13.1,dehydration,a,7,[Si],-10.7,88,no,polarized FTIR E ,, a,Ferriss,in prep,86.2,bulk H,kiki,1000,0.0001,,Ni-NiO-2.6,-13.1,dehydration,a,7,[Si],-10.7,88,no,polarized FTIR E ,, a,Ferriss,in prep,86.2,bulk H,kiki,1000,0.0001,,Ni-NiO-2.6,-13.1,dehydration,a,7,[Si],-10.7,88,no,polarized FTIR E ,, a,Ferriss,in prep,86.2,bulk H,kiki,1000,0.0001,,Ni-NiO-2.6,-13.1,dehydration,a,7,[Si],-10.7,88,no,polarized FTIR E ,, a,Ferriss,in prep,86.2,bulk H,kiki,1000,0.0001,,Ni-NiO-2.6,-13.1,dehydration,a,7,[Si],-10.7,88,no,polarized FTIR E ,, a,Ferriss,in prep,86.2,bulk H,kiki,1000,0.0001,,Ni-NiO-2.6,-13.1,dehydration,a,7,[Si],-10.7,88,no,polarized FTIR E ,, a,Ferriss,in prep,86.2,bulk H,kiki,1000,0.0001,,Ni-NiO-2.6,-13.1,dehydration,a,7,[Si],-10.7,88,no,polarized FTIR E ,, a,Ferriss,in prep,86.2,bulk H,kiki,1000,0.0001,,Ni-NiO-2.6,-13.1,dehydration,a,7,[Si],-10.7,88,no,polarized FTIR E ,, a,Ferriss,in prep,86.2,bulk H,kiki,1000,0.0001,,Ni-NiO-2.6,-13.1,dehydration,a,7,[Si],-10.7,88,no,polarized FTIR E ,, a,Ferriss,in prep,86.2,bulk H,kiki,1000,0.0001,,Ni-NiO-2.6,-13.1,dehydration,a,7,[Si],-10.7,88,no,polarized FTIR E ,, a,Ferriss,in prep,86.2,bulk H,kiki,1000,0.0001,,Ni-NiO-2.6,-13.1,dehydration,a,7,[Si],-10.7,88,no,polarized FTIR E ,, a,Ferriss,in prep,86.2,bulk H,kiki,1000,0.0001,,Ni-NiO-2.6,-13.1,dehydration,a,7,[Si],-10.7,88,no,polarized FTIR E ,, a,Ferriss,in prep,86.2,bulk H,kiki,1000,0.0001,,Ni-NiO-2.6,-13.1,dehydration,a,7,[Si],-10.7,88,no,polarized FTIR E ,, a,Ferriss,in prep,86.2,bulk H,kiki,1000,0.0001,,Ni-NiO-2.6,-13.1,dehydration,a,7,[Si],-10.7,88,no,polarized FTIR E ,, a,Ferriss,in prep,86.2,bulk H,kiki,1000,0.0001,,Ni-NiO-2.6,-13.1,dehydration,a,7,[Si],-10.7,88,no,polarized FTIR E ,, a,Ferriss,in prep,86.2,bulk H,kiki,1000,0.0001,,Ni-NiO-2.6,-13.1,dehydration,a,7,[Si],-10.7,88,no,polarized FTIR E ,, a,Ferriss,in prep,86.2,bulk H,kiki,1000,0.0001,,Ni-NiO-2.6,-13.1,dehydration,a,7,[Si],-10.7,88,no,polarized FTIR E ,, a,Ferriss,in prep,86.2,bulk H,kiki,1000,0.0001,,Ni-NiO-2.6,-13.1,dehydration,a,7,[Si],-10.7,88,no,polarized FTIR E ,, a,Ferriss,in prep,86.2,bulk H,kiki,1000,0.0001,,Ni-NiO-2.6,-13.1,dehydration,a,7,[Si],-10.7,88,no,polarized FTIR E ,, a,Ferriss,in prep,86.2,bulk H,kiki,1000,0.0001,,Ni-NiO-2.6,-13.1,dehydration,a,7,[Si],-10.7,88,no,polarized FTIR E ,, a,Ferriss,in prep,86.2,bulk H,kiki,1000,0.0001,,Ni-NiO-2.6,-13.1,dehydration,a,7,[Si],-10.7,88,no,polarized FTIR E ,, a,Ferriss,in prep,86.2,bulk H,kiki,1000,0.0001,,Ni-NiO-2.6,-13.1,dehydration,a,7,[Si],-10.7,88,no,polarized FTIR E ,, a,Ferriss,in prep,86.2,bulk H,kiki,1000,0.0001,,Ni-NiO-2.6,-13.1,dehydration,a,7,[Si],-10.7,88,no,polarized FTIR E ,, a,Ferriss,in prep,86.2,bulk H,kiki,1000,0.0001,,Ni-NiO-2.6,-13.1,dehydration,a,7,[Si],-10.7,88,no,polarized FTIR E ,, a,Ferriss,in prep,86.2,bulk H,kiki,1000,0.0001,,Ni-NiO-2.6,-13.1,dehydration,a,7,[Si],-10.7,88,no,polarized FTIR E ,, a,Ferriss,in prep,86.2,bulk H,kiki,1000,0.0001,,Ni-NiO-2.6,-13.1,dehydration,a,7,[Si],-10.7,88,no,polarized FTIR E ,, a,Ferriss,in prep,86.2,bulk H,kiki,1000,0.0001,,Ni-NiO-2.6,-13.1,dehydration,a,7,[Si],-10.7,88,no,polarized FTIR E ,, a,Ferriss,in prep,86.2,bulk H,kiki,1000,0.0001,,Ni-NiO-2.6,-13.1,dehydration,a,7,[Si],-10.7,88,no,polarized FTIR E ,, a,Ferriss,in prep,86.2,bulk H,kiki,1000,0.0001,,Ni-NiO-2.6,-13.1,dehydration,a,7,[Si],-10.7,88,no,polarized FTIR E ,, a,Ferriss,in prep,86.2,bulk H,kiki,1000,0.0001,,Ni-NiO-2.6,-13.1,dehydration,a,7,[Si],-10.7,88,no,polarized FTIR E ,, a,Ferriss,in prep,86.2,bulk H,kiki,1000,0.0001,,Ni-NiO-2.6,-13.1,dehydration,a,7,[Si],-10.7,88,no,polarized FTIR E ,, a,Ferriss,in prep,86.2,bulk H,kiki,1000,0.0001,,Ni-NiO-2.6,-13.1,dehydration,a,7,[Si],-10.7,88,no,polarized FTIR E ,, a,Ferriss,in prep,86.2,bulk H,kiki,1000,0.0001,,Ni-NiO-2.6,-13.1,dehydration,a,7,[Si],-10.7,88,no,polarized FTIR E ,, a,Ferriss,in prep,86.2,bulk H,kiki,1000,0.0001,,Ni-NiO-2.6,-13.1,dehydration,a,7,[Si],-10.7,88,no,polarized FTIR E ,, a,Ferriss,in prep,86.2,bulk H,kiki,1000,0.0001,,Ni-NiO-2.6,-13.1,dehydration,a,7,[Si],-10.7,88,no,polarized FTIR E ,, a,Ferriss,in prep,86.2,bulk H,kiki,1000,0.0001,,Ni-NiO-2.6,-13.1,dehydration,a,7,[Si],-10.7,88,no,polarized FTIR E ,, a,Ferriss,in prep,86.2,bulk H,kiki,1000,0.0001,,Ni-NiO-2.6,-13.1,dehydration,a,7,[Si],-10.7,88,no,polarized FTIR E ,, a,Ferriss,in prep,86.2,bulk H,kiki,1000,0.0001,,Ni-NiO-2.6,-13.1,dehydration,a,7,[Si],-10.7,88,no,polarized FTIR E ,, a,Ferriss,in prep,86.2,bulk H,kiki,1000,0.0001,,Ni-NiO-2.6,-13.1,dehydration,a,7,[Si],-10.7,88,no,polarized FTIR E ,, a,Ferriss,in prep,86.2,bulk H,kiki,1000,0.0001,,Ni-NiO-2.6,-13.1,dehydration,a,7,[Si],-10.7,88,no,polarized FTIR E ,, a,Ferriss,in prep,86.2,bulk H,kiki,1000,0.0001,,Ni-NiO-2.6,-13.1,dehydration,a,7,[Si],-10.7,88,no,polarized FTIR E ,, a,Ferriss,in prep,86.2,bulk H,kiki
Ferriss,in prep,86.2,3525,1000,0.0001,Ni-NiO-2.6,-13.1,dehydration,kiki,b,7,[Ti],-12.2,0.3,91,no,polarized FTIR E ,,Ferriss,in prep,86.2,bulk H,kiki,1000,0.0001,,Ni-NiO-2.6,-13.1,dehydration,b,7,[Si],-12,88,no,polarized FTIR E ,, a,Ferriss,in prep,86.2,bulk H,kiki,1000,0.0001,,Ni-NiO-2.6,-13.1,dehydration,b,7,[Si],-12,88,no,polarized FTIR E ,, a,Ferriss,in prep,86.2,bulk H,kiki,1000,0.0001,,Ni-NiO-2.6,-13.1,dehydration,b,7,[Si],-12,88,no,polarized FTIR E ,, a,Ferriss,in prep,86.2,bulk H,kiki,1000,0.0001,,Ni-NiO-2.6,-13.1,dehydration,b,7,[Si],-12,88,no,polarized FTIR E ,, a,Ferriss,in prep,86.2,bulk H,kiki,1000,0.0001,,Ni-NiO-2.6,-13.1,dehydration,b,7,[Si],-12,88,no,polarized FTIR E ,, a,Ferriss,in prep,86.2,bulk H,kiki,1000,0.0001,,Ni-NiO-2.6,-13.1,dehydration,b,7,[Si],-12,88,no,polarized FTIR E ,, a,Ferriss,in prep,86.2,bulk H,kiki,1000,0.0001,,Ni-NiO-2.6,-13.1,dehydration,b,7,[Si],-12,88,no,polarized FTIR E ,, a,Ferriss,in prep,86.2,bulk H,kiki,1000,0.0001,,Ni-NiO-2.6,-13.1,dehydration,b,7,[Si],-12,88,no,polarized FTIR E ,, a,Ferriss,in prep,86.2,bulk H,kiki,1000,0.0001,,Ni-NiO-2.6,-13.1,dehydration,b,7,[Si],-12,88,no,polarized FTIR E ,, a,Ferriss,in prep,86.2,bulk H,kiki,1000,0.0001,,Ni-NiO-2.6,-13.1,dehydration,b,7,[Si],-12,88,no,polarized FTIR E ,, a,Ferriss,in prep,86.2,bulk H,kiki,1000,0.0001,,Ni-NiO-2.6,-13.1,dehydration,b,7,[Si],-12,88,no,polarized FTIR E ,, a,Ferriss,in prep,86.2,bulk H,kiki,1000,0.0001,,Ni-NiO-2.6,-13.1,dehydration,b,7,[Si],-12,88,no,polarized FTIR E ,, a,Ferriss,in prep,86.2,bulk H,kiki,1000,0.0001,,Ni-NiO-2.6,-13.1,dehydration,b,7,[Si],-12,88,no,polarized FTIR E ,, a,Ferriss,in prep,86.2,bulk H,kiki,1000,0.0001,,Ni-NiO-2.6,-13.1,dehydration,b,7,[Si],-12,88,no,polarized FTIR E ,, a,Ferriss,in prep,86.2,bulk H,kiki,1000,0.0001,,Ni-NiO-2.6,-13.1,dehydration,b,7,[Si],-12,88,no,polarized FTIR E ,, a,Ferriss,in prep,86.2,bulk H,kiki,1000,0.0001,,Ni-NiO-2.6,-13.1,dehydration,b,7,[Si],-12,88,no,polarized FTIR E ,, a,Ferriss,in prep,86.2,bulk H,kiki,1000,0.0001,,Ni-NiO-2.6,-13.1,dehydration,b,7,[Si],-12,88,no,polarized FTIR E ,, a,Ferriss,in prep,86.2,bulk H,kiki,1000,0.0001,,Ni-NiO-2.6,-13.1,dehydration,b,7,[Si],-12,88,no,polarized FTIR E ,, a,Ferriss,in prep,86.2,bulk H,kiki,1000,0.0001,,Ni-NiO-2.6,-13.1,dehydration,b,7,[Si],-12,88,no,polarized FTIR E ,, a,Ferriss,in prep,86.2,bulk H,kiki,1000,0.0001,,Ni-NiO-2.6,-13.1,dehydration,b,7,[Si],-12,88,no,polarized FTIR E ,, a,Ferriss,in prep,86.2,bulk H,kiki,1000,0.0001,,Ni-NiO-2.6,-13.1,dehydration,b,7,[Si],-12,88,no,polarized FTIR E ,, a,Ferriss,in prep,86.2,bulk H,kiki,1000,0.0001,,Ni-NiO-2.6,-13.1,dehydration,b,7,[Si],-12,88,no,polarized FTIR E ,, a,Ferriss,in prep,86.2,bulk H,kiki,1000,0.0001,,Ni-NiO-2.6,-13.1,dehydration,b,7,[Si],-12,88,no,polarized FTIR E ,, a,Ferriss,in prep,86.2,bulk H,kiki,1000,0.0001,,Ni-NiO-2.6,-13.1,dehydration,b,7,[Si],-12,88,no,polarized FTIR E ,, a,Ferriss,in prep,86.2,bulk H,kiki,1000,0.0001,,Ni-NiO-2.6,-13.1,dehydration,b,7,[Si],-12,88,no,polarized FTIR E ,, a,Ferriss,in prep,86.2,bulk H,kiki,1000,0.0001,,Ni-NiO-2.6,-13.1,dehydration,b,7,[Si],-12,88,no,polarized FTIR E ,, a,Ferriss,in prep,86.2,bulk H,kiki,1000,0.0001,,Ni-NiO-2.6,-13.1,dehydration,b,7,[Si],-12,88,no,polarized FTIR E ,, a,Ferriss,in prep,86.2,bulk H,kiki,1000,0.0001,,Ni-NiO-2.6,-13.1,dehydration,b,7,[Si],-12,88,no,polarized FTIR E ,, a,Ferriss,in prep,86.2,bulk H,kiki,1000,0.0001,,Ni-NiO-2.6,-13.1,dehydration,b,7,[Si],-12,88,no,polarized FTIR E ,, a,Ferriss,in prep,86.2,bulk H,kiki,1000,0.0001,,Ni-NiO-2.6,-13.1,dehydration,b,7,[Si],-12,88,no,polarized FTIR E ,, a,Ferriss,in prep,86.2,bulk H,kiki,1000,0.0001,,Ni-NiO-2.6,-13.1,dehydration,b,7,[Si],-12,88,no,polarized FTIR E ,, a,Ferriss,in prep,86.2,bulk H,kiki,1000,0.0001,,Ni-NiO-2.6,-13.1,dehydration,b,7,[Si],-12,88,no,polarized FTIR E ,, a,Ferriss,in prep,86.2,bulk H,kiki,1000,0.0001,,Ni-NiO-2.6,-13.1,dehydration,b,7,[Si],-12,88,no,polarized FTIR E ,, a,Ferriss,in prep,86.2,bulk H,kiki,1000,0.0001,,Ni-NiO-2.6,-13.1,dehydration,b,7,[Si],-12,88,no,polarized FTIR E ,, a,Ferriss,in prep,86.2,bulk H,kiki,1000,0.0001,,Ni-NiO-2.6,-13.1,dehydration,b,7,[Si],-12,88,no,polarized FTIR E ,, a,Ferriss,in prep,86.2,bulk H,kiki,1000,0.0001,,Ni-NiO-2.6,-13.1,dehydration,b,7,[Si],-12,88,no,polarized FTIR E ,, a,Ferriss,in prep,86.2,bulk H,kiki,1000,0.0001,,Ni-NiO-2.6,-13.1,dehydration,b,7,[Si],-12,88,no,polarized FTIR E ,, a,Ferriss,in prep,86.2,bulk H,kiki,1000,0.0001,,Ni-NiO-2.6,-13.1,dehydration,b,7,[Si],-12,88,no,polarized FTIR E ,, a,Ferriss,in prep,86.2,bulk H,kiki,1000,0.0001,,Ni-NiO-2.6,-13.1,dehydration,b,7,[Si],-12,88,no,polarized FTIR E ,, a,Ferriss,in prep,86.2,bulk H,kiki,1000,0.0001,,Ni-NiO-2.6,-13.1,dehydration,b,7,[Si],-12,88,no,polarized FTIR E ,, a,Ferriss,in prep,86.2,bulk H,kiki,1000,0.0001,,Ni-NiO-2.6,-13.1,dehydration,b,7,[Si],-12,88,no,polarized FTIR E ,, a,Ferriss,in prep,86.2,bulk H,kiki,1000,0.0001,,Ni-NiO-2.6,-13.1,dehydration,b,7,[Si],-12,88,no,polarized FTIR E ,, a,Ferriss,in prep,86.2,bulk H,kiki,1000,0.0001,,Ni-NiO-2.6,-13.1,dehydration,b,7,[Si],-12,88,no,polarized FTIR E ,, a,Ferriss,in prep,86.2,bulk H,kiki,1000,0.0001,,Ni-NiO-2.6,-13.1,dehydration,b,7,[Si],-12,88,no,polarized FTIR E ,, a,Ferriss,in prep,86.2,bulk H,kiki,1000,0.0001,,Ni-NiO-2.6,-13.1,dehydration,b,7,[Si],-12,88,no,polarized FTIR E ,, a,Ferriss,in prep,86.2,bulk H,kiki,1000,0.0001,,Ni-NiO-2.6,-13.1,dehydration,b,7,[Si],-12,88,no,polarized FTIR E ,, a,Ferriss,in prep,86.2,bulk H,kiki,1000,0.0001,,Ni-NiO-2.6,-13.1,dehydration,b,7,[Si],-12,88,no,polarized FTIR E ,, a,Ferriss,in prep,86.2,bulk H,kiki,1000,0.0001,,Ni-NiO-2.6,-13.1,dehydration,b,7,[Si],-12,88,no,polarized FTIR E ,, a,Ferriss,in prep,86.2,bulk H,kiki,1000,0.0001,,Ni-NiO-2.6,-13.1,dehydration,b,7,[Si],-12,88,no,polarized FTIR E ,, a,Ferriss,in prep,86.2,bulk H,kiki,1000,0.0001,,Ni-NiO-2.6,-13.1,dehydration,b,7,[Si],-12,88,no,polarized FTIR E ,, a,Ferriss,in prep,86.2,bulk H,kiki
Ferriss,in prep,86.2,3525,1000,0.0001,Ni-NiO-2.6,-13.1,dehydration,kiki,c,7,[Ti],-11.9,0.3,91,no,polarized FTIR E ,,Ferriss,in prep,86.2,bulk H,kiki,1000,0.0001,,Ni-NiO-2.6,-13.1,dehydration,c,7,[Si],-11.9,88,no,polarized FTIR E ,, a,Ferriss,in prep,86.2,bulk H,kiki,1000,0.0001,,Ni-NiO-2.6,-13.1,dehydration,c,7,[Si],-11.9,88,no,polarized FTIR E ,, a,Ferriss,in prep,86.2,bulk H,kiki,1000,0.0001,,Ni-NiO-2.6,-13.1,dehydration,c,7,[Si],-11.9,88,no,polarized FTIR E ,, a,Ferriss,in prep,86.2,bulk H,kiki,1000,0.0001,,Ni-NiO-2.6,-13.1,dehydration,c,7,[Si],-11.9,88,no,polarized FTIR E ,, a,Ferriss,in prep,86.2,bulk H,kiki,1000,0.0001,,Ni-NiO-2.6,-13.1,dehydration,c,7,[Si],-11.9,88,no,polarized FTIR E ,, a,Ferriss,in prep,86.2,bulk H,kiki,1000,0.0001,,Ni-NiO-2.6,-13.1,dehydration,c,7,[Si],-11.9,88,no,polarized FTIR E ,, a,Ferriss,in prep,86.2,bulk H,kiki,1000,0.0001,,Ni-NiO-2.6,-13.1,dehydration,c,7,[Si],-11.9,88,no,polarized FTIR E ,, a,Ferriss,in prep,86.2,bulk H,kiki,1000,0.0001,,Ni-NiO-2.6,-13.1,dehydration,c,7,[Si],-11.9,88,no,polarized FTIR E ,, a,Ferriss,in prep,86.2,bulk H,kiki,1000,0.0001,,Ni-NiO-2.6,-13.1,dehydration,c,7,[Si],-11.9,88,no,polarized FTIR E ,, a,Ferriss,in prep,86.2,bulk H,kiki,1000,0.0001,,Ni-NiO-2.6,-13.1,dehydration,c,7,[Si],-11.9,88,no,polarized FTIR E ,, a,Ferriss,in prep,86.2,bulk H,kiki,1000,0.0001,,Ni-NiO-2.6,-13.1,dehydration,c,7,[Si],-11.9,88,no,polarized FTIR E ,, a,Ferriss,in prep,86.2,bulk H,kiki,1000,0.0001,,Ni-NiO-2.6,-13.1,dehydration,c,7,[Si],-11.9,88,no,polarized FTIR E ,, a,Ferriss,in prep,86.2,bulk H,kiki,1000,0.0001,,Ni-NiO-2.6,-13.1,dehydration,c,7,[Si],-11.9,88,no,polarized FTIR E ,, a,Ferriss,in prep,86.2,bulk H,kiki,1000,0.0001,,Ni-NiO-2.6,-13.1,dehydration,c,7,[Si],-11.9,88,no,polarized FTIR E ,, a,Ferriss,in prep,86.2,bulk H,kiki,1000,0.0001,,Ni-NiO-2.6,-13.1,dehydration,c,7,[Si],-11.9,88,no,polarized FTIR E ,, a,Ferriss,in prep,86.2,bulk H,kiki,1000,0.0001,,Ni-NiO-2.6,-13.1,dehydration,c,7,[Si],-11.9,88,no,polarized FTIR E ,, a,Ferriss,in prep,86.2,bulk H,kiki,1000,0.0001,,Ni-NiO-2.6,-13.1,dehydration,c,7,[Si],-11.9,88,no,polarized FTIR E ,, a,Ferriss,in prep,86.2,bulk H,kiki,1000,0.0001,,Ni-NiO-2.6,-13.1,dehydration,c,7,[Si],-11.9,88,no,polarized FTIR E ,, a,Ferriss,in prep,86.2,bulk H,kiki,1000,0.0001,,Ni-NiO-2.6,-13.1,dehydration,c,7,[Si],-11.9,88,no,polarized FTIR E ,, a,Ferriss,in prep,86.2,bulk H,kiki,1000,0.0001,,Ni-NiO-2.6,-13.1,dehydration,c,7,[Si],-11.9,88,no,polarized FTIR E ,, a,Ferriss,in prep,86.2,bulk H,kiki,1000,0.0001,,Ni-NiO-2.6,-13.1,dehydration,c,7,[Si],-11.9,88,no,polarized FTIR E ,, a,Ferriss,in prep,86.2,bulk H,kiki,1000,0.0001,,Ni-NiO-2.6,-13.1,dehydration,c,7,[Si],-11.9,88,no,polarized FTIR E ,, a,Ferriss,in prep,86.2,bulk H,kiki,1000,0.0001,,Ni-NiO-2.6,-13.1,dehydration,c,7,[Si],-11.9,88,no,polarized FTIR E ,, a,Ferriss,in prep,86.2,bulk H,kiki,1000,0.0001,,Ni-NiO-2.6,-13.1,dehydration,c,7,[Si],-11.9,88,no,polarized FTIR E ,, a,Ferriss,in prep,86.2,bulk H,kiki,1000,0.0001,,Ni-NiO-2.6,-13.1,dehydration,c,7,[Si],-11.9,88,no,polarized FTIR E ,, a,Ferriss,in prep,86.2,bulk H,kiki,1000,0.0001,,Ni-NiO-2.6,-13.1,dehydration,c,7,[Si],-11.9,88,no,polarized FTIR E ,, a,Ferriss,in prep,86.2,bulk H,kiki,1000,0.0001,,Ni-NiO-2.6,-13.1,dehydration,c,7,[Si],-11.9,88,no,polarized FTIR E ,, a,Ferriss,in prep,86.2,bulk H,kiki,1000,0.0001,,Ni-NiO-2.6,-13.1,dehydration,c,7,[Si],-11.9,88,no,polarized FTIR E ,, a,Ferriss,in prep,86.2,bulk H,kiki,1000,0.0001,,Ni-NiO-2.6,-13.1,dehydration,c,7,[Si],-11.9,88,no,polarized FTIR E ,, a,Ferriss,in prep,86.2,bulk H,kiki,1000,0.0001,,Ni-NiO-2.6,-13.1,dehydration,c,7,[Si],-11.9,88,no,polarized FTIR E ,, a,Ferriss,in prep,86.2,bulk H,kiki,1000,0.0001,,Ni-NiO-2.6,-13.1,dehydration,c,7,[Si],-11.9,88,no,polarized FTIR E ,, a,Ferriss,in prep,86.2,bulk H,kiki,1000,0.0001,,Ni-NiO-2.6,-13.1,dehydration,c,7,[Si],-11.9,88,no,polarized FTIR E ,, a,Ferriss,in prep,86.2,bulk H,kiki,1000,0.0001,,Ni-NiO-2.6,-13.1,dehydration,c,7,[Si],-11.9,88,no,polarized FTIR E ,, a,Ferriss,in prep,86.2,bulk H,kiki,1000,0.0001,,Ni-NiO-2.6,-13.1,dehydration,c,7,[Si],-11.9,88,no,polarized FTIR E ,, a,Ferriss,in prep,86.2,bulk H,kiki,1000,0.0001,,Ni-NiO-2.6,-13.1,dehydration,c,7,[Si],-11.9,88,no,polarized FTIR E ,, a,Ferriss,in prep,86.2,bulk H,kiki,1000,0.0001,,Ni-NiO-2.6,-13.1,dehydration,c,7,[Si],-11.9,88,no,polarized FTIR E ,, a,Ferriss,in prep,86.2,bulk H,kiki,1000,0.0001,,Ni-NiO-2.6,-13.1,dehydration,c,7,[Si],-11.9,88,no,polarized FTIR E ,, a,Ferriss,in prep,86.2,bulk H,kiki,1000,0.0001,,Ni-NiO-2.6,-13.1,dehydration,c,7,[Si],-11.9,88,no,polarized FTIR E ,, a,Ferriss,in prep,86.2,bulk H,kiki,1000,0.0001,,Ni-NiO-2.6,-13.1,dehydration,c,7,[Si],-11.9,88,no,polarized FTIR E ,, a,Ferriss,in prep,86.2,bulk H,kiki,1000,0.0001,,Ni-NiO-2.6,-13.1,dehydration,c,7,[Si],-11.9,88,no,polarized FTIR E ,, a,Ferriss,in prep,86.2,bulk H,kiki,1000,0.0001,,Ni-NiO-2.6,-13.1,dehydration,c,7,[Si],-11.9,88,no,polarized FTIR E ,, a,Ferriss,in prep,86.2,bulk H,kiki,1000,0.0001,,Ni-NiO-2.6,-13.1,dehydration,c,7,[Si],-11.9,88,no,polarized FTIR E ,, a,Ferriss,in prep,86.2,bulk H,kiki,1000,0.0001,,Ni-NiO-2.6,-13.1,dehydration,c,7,[Si],-11.9,88,no,polarized FTIR E ,, a,Ferriss,in prep,86.2,bulk H,kiki,1000,0.0001,,Ni-NiO-2.6,-13.1,dehydration,c,7,[Si],-11.9,88,no,polarized FTIR E ,, a,Ferriss,in prep,86.2,bulk H,kiki,1000,0.0001,,Ni-NiO-2.6,-13.1,dehydration,c,7,[Si],-11.9,88,no,polarized FTIR E ,, a,Ferriss,in prep,86.2,bulk H,kiki,1000,0.0001,,Ni-NiO-2.6,-13.1,dehydration,c,7,[Si],-11.9,88,no,polarized FTIR E ,, a,Ferriss,in prep,86.2,bulk H,kiki,1000,0.0001,,Ni-NiO-2.6,-13.1,dehydration,c,7,[Si],-11.9,88,no,polarized FTIR E ,, a,Ferriss,in prep,86.2,bulk H,kiki,1000,0.0001,,Ni-NiO-2.6,-13.1,dehydration,c,7,[Si],-11.9,88,no,polarized FTIR E ,, a,Ferriss,in prep,86.2,bulk H,kiki,1000,0.0001,,Ni-NiO-2.6,-13.1,dehydration,c,7,[Si],-11.9,88,no,polarized FTIR E ,, a,Ferriss,in prep,86.2,bulk H,kiki,1000,0.0001,,Ni-NiO-2.6,-13.1,dehydration,c,7,[Si],-11.9,88,no,polarized FTIR E ,, a,Ferriss,in prep,86.2,bulk H,kiki
Ferriss,in prep,86.2,3525,1000,0.0001,Ni-NiO+1.9,-8.4,dehydration,kiki,a,8,[Ti],-10.9,0.3,91,no,polarized FTIR E ,,Ferriss,in prep,86.2,bulk H,kiki,1000,0.0001,,Ni-NiO+1.9,-8.4,dehydration,a,8,[Si],-10.7,88,no,polarized FTIR E ,, a,Ferriss,in prep,86.2,bulk H,kiki,1000,0.0001,,Ni-NiO+1.9,-8.4,dehydration,a,8,[Si],-10.7,88,no,polarized FTIR E ,, a,Ferriss,in prep,86.2,bulk H,kiki,1000,0.0001,,Ni-NiO+1.9,-8.4,dehydration,a,8,[Si],-10.7,88,no,polarized FTIR E ,, a,Ferriss,in prep,86.2,bulk H,kiki,1000,0.0001,,Ni-NiO+1.9,-8.4,dehydration,a,8,[Si],-10.7,88,no,polarized FTIR E ,, a,Ferriss,in prep,86.2,bulk H,kiki,1000,0.0001,,Ni-NiO+1.9,-8.4,dehydration,a,8,[Si],-10.7,88,no,polarized FTIR E ,, a,Ferriss,in prep,86.2,bulk H,kiki,1000,0.0001,,Ni-NiO+1.9,-8.4,dehydration,a,8,[Si],-10.7,88,no,polarized FTIR E ,, a,Ferriss,in prep,86.2,bulk H,kiki,1000,0.0001,,Ni-NiO+1.9,-8.4,dehydration,a,8,[Si],-10.7,88,no,polarized FTIR E ,, a,Ferriss,in prep,86.2,bulk H,kiki,1000,0.0001,,Ni-NiO+1.9,-8.4,dehydration,a,8,[Si],-10.7,88,no,polarized FTIR E ,, a,Ferriss,in prep,86.2,bulk H,kiki,1000,0.0001,,Ni-NiO+1.9,-8.4,dehydration,a,8,[Si],-10.7,88,no,polarized FTIR E ,, a,Ferriss,in prep,86.2,bulk H,kiki,1000,0.0001,,Ni-NiO+1.9,-8.4,dehydration,a,8,[Si],-10.7,88,no,polarized FTIR E ,, a,Ferriss,in prep,86.2,bulk H,kiki,1000,0.0001,,Ni-NiO+1.9,-8.4,dehydration,a,8,[Si],-10.7,88,no,polarized FTIR E ,, a,Ferriss,in prep,86.2,bulk H,kiki,1000,0.0001,,Ni-NiO+1.9,-8.4,dehydration,a,8,[Si],-10.7,88,no,polarized FTIR E ,, a,Ferriss,in prep,86.2,bulk H,kiki,1000,0.0001,,Ni-NiO+1.9,-8.4,dehydration,a,8,[Si],-10.7,88,no,polarized FTIR E ,, a,Ferriss,in prep,86.2,bulk H,kiki,1000,0.0001,,Ni-NiO+1.9,-8.4,dehydration,a,8,[Si],-10.7,88,no,polarized FTIR E ,, a,Ferriss,in prep,86.2,bulk H,kiki,1000,0.0001,,Ni-NiO+1.9,-8.4,dehydration,a,8,[Si],-10.7,88,no,polarized FTIR E ,, a,Ferriss,in prep,86.2,bulk H,kiki,1000,0.0001,,Ni-NiO+1.9,-8.4,dehydration,a,8,[Si],-10.7,88,no,polarized FTIR E ,, a,Ferriss,in prep,86.2,bulk H,kiki,1000,0.0001,,Ni-NiO+1.9,-8.4,dehydration,a,8,[Si],-10.7,88,no,polarized FTIR E ,, a,Ferriss,in prep,86.2,bulk H,kiki,1000,0.0001,,Ni-NiO+1.9,-8.4,dehydration,a,8,[Si],-10.7,88,no,polarized FTIR E ,, a,Ferriss,in prep,86.2,bulk H,kiki,1000,0.0001,,Ni-NiO+1.9,-8.4,dehydration,a,8,[Si],-10.7,88,no,polarized FTIR E ,, a,Ferriss,in prep,86.2,bulk H,kiki,1000,0.0001,,Ni-NiO+1.9,-8.4,dehydration,a,8,[Si],-10.7,88,no,polarized FTIR E ,, a,Ferriss,in prep,86.2,bulk H,kiki,1000,0.0001,,Ni-NiO+1.9,-8.4,dehydration,a,8,[Si],-10.7,88,no,polarized FTIR E ,, a,Ferriss,in prep,86.2,bulk H,kiki,1000,0.0001,,Ni-NiO+1.9,-8.4,dehydration,a,8,[Si],-10.7,88,no,polarized FTIR E ,, a,Ferriss,in prep,86.2,bulk H,kiki,1000,0.0001,,Ni-NiO+1.9,-8.4,dehydration,a,8,[Si],-10.7,88,no,polarized FTIR E ,, a,Ferriss,in prep,86.2,bulk H,kiki,1000,0.0001,,Ni-NiO+1.9,-8.4,dehydration,a,8,[Si],-10.7,88,no,polarized FTIR E ,, a,Ferriss,in prep,86.2,bulk H,kiki,1000,0.0001,,Ni-NiO+1.9,-8.4,dehydration,a,8,[Si],-10.7,88,no,polarized FTIR E ,, a,Ferriss,in prep,86.2,bulk H,kiki,1000,0.0001,,Ni-NiO+1.9,-8.4,dehydration,a,8,[Si],-10.7,88,no,polarized FTIR E ,, a,Ferriss,in prep,86.2,bulk H,kiki,1000,0.0001,,Ni-NiO+1.9,-8.4,dehydration,a,8,[Si],-10.7,88,no,polarized FTIR E ,, a,Ferriss,in prep,86.2,bulk H,kiki,1000,0.0001,,Ni-NiO+1.9,-8.4,dehydration,a,8,[Si],-10.7,88,no,polarized FTIR E ,, a,Ferriss,in prep,86.2,bulk H,kiki,1000,0.0001,,Ni-NiO+1.9,-8.4,dehydration,a,8,[Si],-10.7,88,no,polarized FTIR E ,, a,Ferriss,in prep,86.2,bulk H,kiki,1000,0.0001,,Ni-NiO+1.9,-8.4,dehydration,a,8,[Si],-10.7,88,no,polarized FTIR E ,, a,Ferriss,in prep,86.2,bulk H,kiki,1000,0.0001,,Ni-NiO+1.9,-8.4,dehydration,a,8,[Si],-10.7,88,no,polarized FTIR E ,, a,Ferriss,in prep,86.2,bulk H,kiki,1000,0.0001,,Ni-NiO+1.9,-8.4,dehydration,a,8,[Si],-10.7,88,no,polarized FTIR E ,, a,Ferriss,in prep,86.2,bulk H,kiki,1000,0.0001,,Ni-NiO+1.9,-8.4,dehydration,a,8,[Si],-10.7,88,no,polarized FTIR E ,, a,Ferriss,in prep,86.2,bulk H,kiki,1000,0.0001,,Ni-NiO+1.9,-8.4,dehydration,a,8,[Si],-10.7,88,no,polarized FTIR E ,, a,Ferriss,in prep,86.2,bulk H,kiki,1000,0.0001,,Ni-NiO+1.9,-8.4,dehydration,a,8,[Si],-10.7,88,no,polarized FTIR E ,, a,Ferriss,in prep,86.2,bulk H,kiki,1000,0.0001,,Ni-NiO+1.9,-8.4,dehydration,a,8,[Si],-10.7,88,no,polarized FTIR E ,, a,Ferriss,in prep,86.2,bulk H,kiki,1000,0.0001,,Ni-NiO+1.9,-8.4,dehydration,a,8,[Si],-10.7,88,no,polarized FTIR E ,, a,Ferriss,in prep,86.2,bulk H,kiki,1000,0.0001,,Ni-NiO+1.9,-8.4,dehydration,a,8,[Si],-10.7,88,no,polarized FTIR E ,, a,Ferriss,in prep,86.2,bulk H,kiki,1000,0.0001,,Ni-NiO+1.9,-8.4,dehydration,a,8,[Si],-10.7,88,no,polarized FTIR E ,, a,Ferriss,in prep,86.2,bulk H,kiki,1000,0.0001,,Ni-NiO+1.9,-8.4,dehydration,a,8,[Si],-10.7,88,no,polarized FTIR E ,, a,Ferriss,in prep,86.2,bulk H,kiki,1000,0.0001,,Ni-NiO+1.9,-8.4,dehydration,a,8,[Si],-10.7,88,no,polarized FTIR E ,, a,Ferriss,in prep,86.2,bulk H,kiki,1000,0.0001,,Ni-NiO+1.9,-8.4,dehydration,a,8,[Si],-10.7,88,no,polarized FTIR E ,, a,Ferriss,in prep,86.2,bulk H,kiki,1000,0.0001,,Ni-NiO+1.9,-8.4,dehydration,a,8,[Si],-10.7,88,no,polarized FTIR E ,, a,Ferriss,in prep,86.2,bulk H,kiki,1000,0.0001,,Ni-NiO+1.9,-8.4,dehydration,a,8,[Si],-10.7,88,no,polarized FTIR E ,, a,Ferriss,in prep,86.2,bulk H,kiki,1000,0.0001,,Ni-NiO+1.9,-8.4,dehydration,a,8,[Si],-10.7,88,no,polarized FTIR E ,, a,Ferriss,in prep,86.2,bulk H,kiki,1000,0.0001,,Ni-NiO+1.9,-8.4,dehydration,a,8,[Si],-10.7,88,no,polarized FTIR E ,, a,Ferriss,in prep,86.2,bulk H,kiki,1000,0.0001,,Ni-NiO+1.9,-8.4,dehydration,a,8,[Si],-10.7,88,no,polarized FTIR E ,, a,Ferriss,in prep,86.2,bulk H,kiki,1000,0.0001,,Ni-NiO+1.9,-8.4,dehydration,a,8,[Si],-10.7,88,no,polarized FTIR E ,, a,Ferriss,in prep,86.2,bulk H,kiki,1000,0.0001,,Ni-NiO+1.9,-8.4,dehydration,a,8,[Si],-10.7,88,no,polarized FTIR E ,, a,Ferriss,in prep,86.2,bulk H,kiki,1000,0.0001,,Ni-NiO+1.9,-8.4,dehydration,a,8,[Si],-10.7,88,no,polarized FTIR E ,, a,Ferriss,in prep,86.2,bulk H,kiki
Ferriss,in prep,86.2,3525,1000,0.0001,Ni-NiO+1.9,-8.4,dehydration,kiki,b,8,[Ti],-12.2,0.3,91,no,polarized FTIR E ,,Ferriss,in prep,86.2,bulk H,kiki,1000,0.0001,,Ni-NiO+1.9,-8.4,dehydration,b,8,[Si],-12,88,no,polarized FTIR E ,, a,Ferriss,in prep,86.2,bulk H,kiki,1000,0.0001,,Ni-NiO+1.9,-8.4,dehydration,b,8,[Si],-12,88,no,polarized FTIR E ,, a,Ferriss,in prep,86.2,bulk H,kiki,1000,0.0001,,Ni-NiO+1.9,-8.4,dehydration,b,8,[Si],-12,88,no,polarized FTIR E ,, a,Ferriss,in prep,86.2,bulk H,kiki,1000,0.0001,,Ni-NiO+1.9,-8.4,dehydration,b,8,[Si],-12,88,no,polarized FTIR E ,, a,Ferriss,in prep,86.2,bulk H,kiki,1000,0.0001,,Ni-NiO+1.9,-8.4,dehydration,b,8,[Si],-12,88,no,polarized FTIR E ,, a,Ferriss,in prep,86.2,bulk H,kiki,1000,0.0001,,Ni-NiO+1.9,-8.4,dehydration,b,8,[Si],-12,88,no,polarized FTIR E ,, a,Ferriss,in prep,86.2,bulk H,kiki,1000,0.0001,,Ni-NiO+1.9,-8.4,dehydration,b,8,[Si],-12,88,no,polarized FTIR E ,, a,Ferriss,in prep,86.2,bulk H,kiki,1000,0.0001,,Ni-NiO+1.9,-8.4,dehydration,b,8,[Si],-12,88,no,polarized FTIR E ,, a,Ferriss,in prep,86.2,bulk H,kiki,1000,0.0001,,Ni-NiO+1.9,-8.4,dehydration,b,8,[Si],-12,88,no,polarized FTIR E ,, a,Ferriss,in prep,86.2,bulk H,kiki,1000,0.0001,,Ni-NiO+1.9,-8.4,dehydration,b,8,[Si],-12,88,no,polarized FTIR E ,, a,Ferriss,in prep,86.2,bulk H,kiki,1000,0.0001,,Ni-NiO+1.9,-8.4,dehydration,b,8,[Si],-12,88,no,polarized FTIR E ,, a,Ferriss,in prep,86.2,bulk H,kiki,1000,0.0001,,Ni-NiO+1.9,-8.4,dehydration,b,8,[Si],-12,88,no,polarized FTIR E ,, a,Ferriss,in prep,86.2,bulk H,kiki,1000,0.0001,,Ni-NiO+1.9,-8.4,dehydration,b,8,[Si],-12,88,no,polarized FTIR E ,, a,Ferriss,in prep,86.2,bulk H,kiki,1000,0.0001,,Ni-NiO+1.9,-8.4,dehydration,b,8,[Si],-12,88,no,polarized FTIR E ,, a,Ferriss,in prep,86.2,bulk H,kiki,1000,0.0001,,Ni-NiO+1.9,-8.4,dehydration,b,8,[Si],-12,88,no,polarized FTIR E ,, a,Ferriss,in prep,86.2,bulk H,kiki,1000,0.0001,,Ni-NiO+1.9,-8.4,dehydration,b,8,[Si],-12,88,no,polarized FTIR E ,, a,Ferriss,in prep,86.2,bulk H,kiki,1000,0.0001,,Ni-NiO+1.9,-8.4,dehydration,b,8,[Si],-12,88,no,polarized FTIR E ,, a,Ferriss,in prep,86.2,bulk H,kiki,1000,0.0001,,Ni-NiO+1.9,-8.4,dehydration,b,8,[Si],-12,88,no,polarized FTIR E ,, a,Ferriss,in prep,86.2,bulk H,kiki,1000,0.0001,,Ni-NiO+1.9,-8.4,dehydration,b,8,[Si],-12,88,no,polarized FTIR E ,, a,Ferriss,in prep,86.2,bulk H,kiki,1000,0.0001,,Ni-NiO+1.9,-8.4,dehydration,b,8,[Si],-12,88,no,polarized FTIR E ,, a,Ferriss,in prep,86.2,bulk H,kiki,1000,0.0001,,Ni-NiO+1.9,-8.4,dehydration,b,8,[Si],-12,88,no,polarized FTIR E ,, a,Ferriss,in prep,86.2,bulk H,kiki,1000,0.0001,,Ni-NiO+1.9,-8.4,dehydration,b,8,[Si],-12,88,no,polarized FTIR E ,, a,Ferriss,in prep,86.2,bulk H,kiki,1000,0.0001,,Ni-NiO+1.9,-8.4,dehydration,b,8,[Si],-12,88,no,polarized FTIR E ,, a,Ferriss,in prep,86.2,bulk H,kiki,1000,0.0001,,Ni-NiO+1.9,-8.4,dehydration,b,8,[Si],-12,88,no,polarized FTIR E ,, a,Ferriss,in prep,86.2,bulk H,kiki,1000,0.0001,,Ni-NiO+1.9,-8.4,dehydration,b,8,[Si],-12,88,no,polarized FTIR E ,, a,Ferriss,in prep,86.2,bulk H,kiki,1000,0.0001,,Ni-NiO+1.9,-8.4,dehydration,b,8,[Si],-12,88,no,polarized FTIR E ,, a,Ferriss,in prep,86.2,bulk H,kiki,1000,0.0001,,Ni-NiO+1.9,-8.4,dehydration,b,8,[Si],-12,88,no,polarized FTIR E ,, a,Ferriss,in prep,86.2,bulk H,kiki,1000,0.0001,,Ni-NiO+1.9,-8.4,dehydration,b,8,[Si],-12,88,no,polarized FTIR E ,, a,Ferriss,in prep,86.2,bulk H,kiki,1000,0.0001,,Ni-NiO+1.9,-8.4,dehydration,b,8,[Si],-12,88,no,polarized FTIR E ,, a,Ferriss,in prep,86.2,bulk H,kiki,1000,0.0001,,Ni-NiO+1.9,-8.4,dehydration,b,8,[Si],-12,88,no,polarized FTIR E ,, a,Ferriss,in prep,86.2,bulk H,kiki,1000,0.0001,,Ni-NiO+1.9,-8.4,dehydration,b,8,[Si],-12,88,no,polarized FTIR E ,, a,Ferriss,in prep,86.2,bulk H,kiki,1000,0.0001,,Ni-NiO+1.9,-8.4,dehydration,b,8,[Si],-12,88,no,polarized FTIR E ,, a,Ferriss,in prep,86.2,bulk H,kiki,1000,0.0001,,Ni-NiO+1.9,-8.4,dehydration,b,8,[Si],-12,88,no,polarized FTIR E ,, a,Ferriss,in prep,86.2,bulk H,kiki,1000,0.0001,,Ni-NiO+1.9,-8.4,dehydration,b,8,[Si],-12,88,no,polarized FTIR E ,, a,Ferriss,in prep,86.2,bulk H,kiki,1000,0.0001,,Ni-NiO+1.9,-8.4,dehydration,b,8,[Si],-12,88,no,polarized FTIR E ,, a,Ferriss,in prep,86.2,bulk H,kiki,1000,0.0001,,Ni-NiO+1.9,-8.4,dehydration,b,8,[Si],-12,88,no,polarized FTIR E ,, a,Ferriss,in prep,86.2,bulk H,kiki,1000,0.0001,,Ni-NiO+1.9,-8.4,dehydration,b,8,[Si],-12,88,no,polarized FTIR E ,, a,Ferriss,in prep,86.2,bulk H,kiki,1000,0.0001,,Ni-NiO+1.9,-8.4,dehydration,b,8,[Si],-12,88,no,polarized FTIR E ,, a,Ferriss,in prep,86.2,bulk H,kiki,1000,0.0001,,Ni-NiO+1.9,-8.4,dehydration,b,8,[Si],-12,88,no,polarized FTIR E ,, a,Ferriss,in prep,86.2,bulk H,kiki,1000,0.0001,,Ni-NiO+1.9,-8.4,dehydration,b,8,[Si],-12,88,no,polarized FTIR E ,, a,Ferriss,in prep,86.2,bulk H,kiki,1000,0.0001,,Ni-NiO+1.9,-8.4,dehydration,b,8,[Si],-12,88,no,polarized FTIR E ,, a,Ferriss,in prep,86.2,bulk H,kiki,1000,0.0001,,Ni-NiO+1.9,-8.4,dehydration,b,8,[Si],-12,88,no,polarized FTIR E ,, a,Ferriss,in prep,86.2,bulk H,kiki,1000,0.0001,,Ni-NiO+1.9,-8.4,dehydration,b,8,[Si],-12,88,no,polarized FTIR E ,, a,Ferriss,in prep,86.2,bulk H,kiki,1000,0.0001,,Ni-NiO+1.9,-8.4,dehydration,b,8,[Si],-12,88,no,polarized FTIR E ,, a,Ferriss,in prep,86.2,bulk H,kiki,1000,0.0001,,Ni-NiO+1.9,-8.4,dehydration,b,8,[Si],-12,88,no,polarized FTIR E ,, a,Ferriss,in prep,86.2,bulk H,kiki,1000,0.0001,,Ni-NiO+1.9,-8.4,dehydration,b,8,[Si],-12,88,no,polarized FTIR E ,, a,Ferriss,in prep,86.2,bulk H,kiki,1000,0.0001,,Ni-NiO+1.9,-8.4,dehydration,b,8,[Si],-12,88,no,polarized FTIR E ,, a,Ferriss,in prep,86.2,bulk H,kiki,1000,0.0001,,Ni-NiO+1.9,-8.4,dehydration,b,8,[Si],-12,88,no,polarized FTIR E ,, a,Ferriss,in prep,86.2,bulk H,kiki,1000,0.0001,,Ni-NiO+1.9,-8.4,dehydration,b,8,[Si],-12,88,no,polarized FTIR E ,, a,Ferriss,in prep,86.2,bulk H,kiki,1000,0.0001,,Ni-NiO+1.9,-8.4,dehydration,b,8,[Si],-12,88,no,polarized FTIR E ,, a,Ferriss,in prep,86.2,bulk H,kiki
Ferriss,in prep,86.2,3525,1000,0.0001,Ni-NiO+1.9,-8.4,dehydration,kiki,c,8,[Ti],-11.9,0.3,91,no,polarized FTIR E ,,Ferriss,in prep,86.2,bulk H,kiki,1000,0.0001,,Ni-NiO+1.9,-8.4,dehydration,c,8,[Si],-11.9,88,no,polarized FTIR E ,, a,Ferriss,in prep,86.2,bulk H,kiki,1000,0.0001,,Ni-NiO+1.9,-8.4,dehydration,c,8,[Si],-11.9,88,no,polarized FTIR E ,, a,Ferriss,in prep,86.2,bulk H,kiki,1000,0.0001,,Ni-NiO+1.9,-8.4,dehydration,c,8,[Si],-11.9,88,no,polarized FTIR E ,, a,Ferriss,in prep,86.2,bulk H,kiki,1000,0.0001,,Ni-NiO+1.9,-8.4,dehydration,c,8,[Si],-11.9,88,no,polarized FTIR E ,, a,Ferriss,in prep,86.2,bulk H,kiki,1000,0.0001,,Ni-NiO+1.9,-8.4,dehydration,c,8,[Si],-11.9,88,no,polarized FTIR E ,, a,Ferriss,in prep,86.2,bulk H,kiki,1000,0.0001,,Ni-NiO+1.9,-8.4,dehydration,c,8,[Si],-11.9,88,no,polarized FTIR E ,, a,Ferriss,in prep,86.2,bulk H,kiki,1000,0.0001,,Ni-NiO+1.9,-8.4,dehydration,c,8,[Si],-11.9,88,no,polarized FTIR E ,, a,Ferriss,in prep,86.2,bulk H,kiki,1000,0.0001,,Ni-NiO+1.9,-8.4,dehydration,c,8,[Si],-11.9,88,no,polarized FTIR E ,, a,Ferriss,in prep,86.2,bulk H,kiki,1000,0.0001,,Ni-NiO+1.9,-8.4,dehydration,c,8,[Si],-11.9,88,no,polarized FTIR E ,, a,Ferriss,in prep,86.2,bulk H,kiki,1000,0.0001,,Ni-NiO+1.9,-8.4,dehydration,c,8,[Si],-11.9,88,no,polarized FTIR E ,, a,Ferriss,in prep,86.2,bulk H,kiki,1000,0.0001,,Ni-NiO+1.9,-8.4,dehydration,c,8,[Si],-11.9,88,no,polarized FTIR E ,, a,Ferriss,in prep,86.2,bulk H,kiki,1000,0.0001,,Ni-NiO+1.9,-8.4,dehydration,c,8,[Si],-11.9,88,no,polarized FTIR E ,, a,Ferriss,in prep,86.2,bulk H,kiki,1000,0.0001,,Ni-NiO+1.9,-8.4,dehydration,c,8,[Si],-11.9,88,no,polarized FTIR E ,, a,Ferriss,in prep,86.2,bulk H,kiki,1000,0.0001,,Ni-NiO+1.9,-8.4,dehydration,c,8,[Si],-11.9,88,no,polarized FTIR E ,, a,Ferriss,in prep,86.2,bulk H,kiki,1000,0.0001,,Ni-NiO+1.9,-8.4,dehydration,c,8,[Si],-11.9,88,no,polarized FTIR E ,, a,Ferriss,in prep,86.2,bulk H,kiki,1000,0.0001,,Ni-NiO+1.9,-8.4,dehydration,c,8,[Si],-11.9,88,no,polarized FTIR E ,, a,Ferriss,in prep,86.2,bulk H,kiki,1000,0.0001,,Ni-NiO+1.9,-8.4,dehydration,c,8,[Si],-11.9,88,no,polarized FTIR E ,, a,Ferriss,in prep,86.2,bulk H,kiki,1000,0.0001,,Ni-NiO+1.9,-8.4,dehydration,c,8,[Si],-11.9,88,no,polarized FTIR E ,, a,Ferriss,in prep,86.2,bulk H,kiki,1000,0.0001,,Ni-NiO+1.9,-8.4,dehydration,c,8,[Si],-11.9,88,no,polarized FTIR E ,, a,Ferriss,in prep,86.2,bulk H,kiki,1000,0.0001,,Ni-NiO+1.9,-8.4,dehydration,c,8,[Si],-11.9,88,no,polarized FTIR E ,, a,Ferriss,in prep,86.2,bulk H,kiki,1000,0.0001,,Ni-NiO+1.9,-8.4,dehydration,c,8,[Si],-11.9,88,no,polarized FTIR E ,, a,Ferriss,in prep,86.2,bulk H,kiki,1000,0.0001,,Ni-NiO+1.9,-8.4,dehydration,c,8,[Si],-11.9,88,no,polarized FTIR E ,, a,Ferriss,in prep,86.2,bulk H,kiki,1000,0.0001,,Ni-NiO+1.9,-8.4,dehydration,c,8,[Si],-11.9,88,no,polarized FTIR E ,, a,Ferriss,in prep,86.2,bulk H,kiki,1000,0.0001,,Ni-NiO+1.9,-8.4,dehydration,c,8,[Si],-11.9,88,no,polarized FTIR E ,, a,Ferriss,in prep,86.2,bulk H,kiki,1000,0.0001,,Ni-NiO+1.9,-8.4,dehydration,c,8,[Si],-11.9,88,no,polarized FTIR E ,, a,Ferriss,in prep,86.2,bulk H,kiki,1000,0.0001,,Ni-NiO+1.9,-8.4,dehydration,c,8,[Si],-11.9,88,no,polarized FTIR E ,, a,Ferriss,in prep,86.2,bulk H,kiki,1000,0.0001,,Ni-NiO+1.9,-8.4,dehydration,c,8,[Si],-11.9,88,no,polarized FTIR E ,, a,Ferriss,in prep,86.2,bulk H,kiki,1000,0.0001,,Ni-NiO+1.9,-8.4,dehydration,c,8,[Si],-11.9,88,no,polarized FTIR E ,, a,Ferriss,in prep,86.2,bulk H,kiki,1000,0.0001,,Ni-NiO+1.9,-8.4,dehydration,c,8,[Si],-11.9,88,no,polarized FTIR E ,, a,Ferriss,in prep,86.2,bulk H,kiki,1000,0.0001,,Ni-NiO+1.9,-8.4,dehydration,c,8,[Si],-11.9,88,no,polarized FTIR E ,, a,Ferriss,in prep,86.2,bulk H,kiki,1000,0.0001,,Ni-NiO+1.9,-8.4,dehydration,c,8,[Si],-11.9,88,no,polarized FTIR E ,, a,Ferriss,in prep,86.2,bulk H,kiki,1000,0.0001,,Ni-NiO+1.9,-8.4,dehydration,c,8,[Si],-11.9,88,no,polarized FTIR E ,, a,Ferriss,in prep,86.2,bulk H,kiki,1000,0.0001,,Ni-NiO+1.9,-8.4,dehydration,c,8,[Si],-11.9,88,no,polarized FTIR E ,, a,Ferriss,in prep,86.2,bulk H,kiki,1000,0.0001,,Ni-NiO+1.9,-8.4,dehydration,c,8,[Si],-11.9,88,no,polarized FTIR E ,, a,Ferriss,in prep,86.2,bulk H,kiki,1000,0.0001,,Ni-NiO+1.9,-8.4,dehydration,c,8,[Si],-11.9,88,no,polarized FTIR E ,, a,Ferriss,in prep,86.2,bulk H,kiki,1000,0.0001,,Ni-NiO+1.9,-8.4,dehydration,c,8,[Si],-11.9,88,no,polarized FTIR E ,, a,Ferriss,in prep,86.2,bulk H,kiki,1000,0.0001,,Ni-NiO+1.9,-8.4,dehydration,c,8,[Si],-11.9,88,no,polarized FTIR E ,, a,Ferriss,in prep,86.2,bulk H,kiki,1000,0.0001,,Ni-NiO+1.9,-8.4,dehydration,c,8,[Si],-11.9,88,no,polarized FTIR E ,, a,Ferriss,in prep,86.2,bulk H,kiki,1000,0.0001,,Ni-NiO+1.9,-8.4,dehydration,c,8,[Si],-11.9,88,no,polarized FTIR E ,, a,Ferriss,in prep,86.2,bulk H,kiki,1000,0.0001,,Ni-NiO+1.9,-8.4,dehydration,c,8,[Si],-11.9,88,no,polarized FTIR E ,, a,Ferriss,in prep,86.2,bulk H,kiki,1000,0.0001,,Ni-NiO+1.9,-8.4,dehydration,c,8,[Si],-11.9,88,no,polarized FTIR E ,, a,Ferriss,in prep,86.2,bulk H,kiki,1000,0.0001,,Ni-NiO+1.9,-8.4,dehydration,c,8,[Si],-11.9,88,no,polarized FTIR E ,, a,Ferriss,in prep,86.2,bulk H,kiki,1000,0.0001,,Ni-NiO+1.9,-8.4,dehydration,c,8,[Si],-11.9,88,no,polarized FTIR E ,, a,Ferriss,in prep,86.2,bulk H,kiki,1000,0.0001,,Ni-NiO+1.9,-8.4,dehydration,c,8,[Si],-11.9,88,no,polarized FTIR E ,, a,Ferriss,in prep,86.2,bulk H,kiki,1000,0.0001,,Ni-NiO+1.9,-8.4,dehydration,c,8,[Si],-11.9,88,no,polarized FTIR E ,, a,Ferriss,in prep,86.2,bulk H,kiki,1000,0.0001,,Ni-NiO+1.9,-8.4,dehydration,c,8,[Si],-11.9,88,no,polarized FTIR E ,, a,Ferriss,in prep,86.2,bulk H,kiki,1000,0.0001,,Ni-NiO+1.9,-8.4,dehydration,c,8,[Si],-11.9,88,no,polarized FTIR E ,, a,Ferriss,in prep,86.2,bulk H,kiki,1000,0.0001,,Ni-NiO+1.9,-8.4,dehydration,c,8,[Si],-11.9,88,no,polarized FTIR E ,, a,Ferriss,in prep,86.2,bulk H,kiki,1000,0.0001,,Ni-NiO+1.9,-8.4,dehydration,c,8,[Si],-11.9,88,no,polarized FTIR E ,, a,Ferriss,in prep,86.2,bulk H,kiki,1000,0.0001,,Ni-NiO+1.9,-8.4,dehydration,c,8,[Si],-11.9,88,no,polarized FTIR E ,, a,Ferriss,in prep,86.2,bulk H,kiki
,,,,,,,,,,,,,,,,,,,,,,,,,,,,,,,,,,,,,,,,,,,,,,,,,,,,,,,,,,,,,,,,,,,,,,,,,,,,,,,,,,,,,,,,,,,,,,,,,,,,,,,,,,,,,,,,,,,,,,,,,,,,,,,,,,,,,,,,,,,,,,,,,,,,,,,,,,,,,,,,,,,,,,,,,,,,,,,,,,,,,,,,,,,,,,,,,,,,,,,,,,,,,,,,,,,,,,,,,,,,,,,,,,,,,,,,,,,,,,,,,,,,,,,,,,,,,,,,,,,,,,,,,,,,,,,,,,,,,,,,,,,,,,,,,,,,,,,,,,,,,,,,,,,,,,,,,,,,,,,,,,,,,,,,,,,,,,,,,,,,,,,,,,,,,,,,,,,,,,,,,,,,,,,,,,,,,,,,,,,,,,,,,,,,,,,,,,,,,,,,,,,,,,,,,,,,,,,,,,,,,,,,,,,,,,,,,,,,,,,,,,,,,,,,,,,,,,,,,,,,,,,,,,,,,,,,,,,,,,,,,,,,,,,,,,,,,,,,,,,,,,,,,,,,,,,,,,,,,,,,,,,,,,,,,,,,,,,,,,,,,,,,,,,,,,,,,,,,,,,,,,,,,,,,,,,,,,,,,,,,,,,,,,,,,,,,,,,,,,,,,,,,,,,,,,,,,,,,,,,,,,,,,,,,,,,,,,,,,,,,,,,,,,,,,,,,,,,,,,,,,,,,,,,,,,,,,,,,,,,,,,,,,,,,,,,,,,,,,,,,,,,,,,,,,,,,,,,,,,,,,,,,,,,,,,,,,,,,,,,,,,,,,,,,,,,,,,,,,,,,,,,,,,,,,,,,,,,,,,,,,,,,,,,,,,,,,,,,,,,,,,,,,,,,,,,,,,,,,,,,,,,,,,,,,,,,,,,,,,,,,,,,,,,,,,,,,,,,,,,,,,,,,,,,,,,,,,,,,,,,,,,,,,,,,,,,,,,,,,,,,,,,,,,,,,,,,,,,,,,,,,,,,,,,,,,,,,,,,,,,,,,,,,,,,,,,,,,,,,,,,,,,,,,,,,,,,,,,,,,,,,,,,,,,,,,,,,,,,,,,,,,,,,,,,,,,,,,,,,,,,,,
Ferriss,in prep,86.2,3356,800,0.0001,Ni-NiO-2.6,-16.75,dehydration,kiki,a,1,[tri],-11.5,0.6,,no,polarized FTIR E ,,Ferriss,in prep,86.2,bulk H,kiki,800,0.0001,,Ni-NiO-2.6,-16.75,dehydration,a,1,[Si],,,,polarized FTIR E ,, a,Ferriss,in prep,86.2,bulk H,kiki,800,0.0001,,Ni-NiO-2.6,-16.75,dehydration,a,1,[Si],,,,polarized FTIR E ,, a,Ferriss,in prep,86.2,bulk H,kiki,800,0.0001,,Ni-NiO-2.6,-16.75,dehydration,a,1,[Si],,,,polarized FTIR E ,, a,Ferriss,in prep,86.2,bulk H,kiki,800,0.0001,,Ni-NiO-2.6,-16.75,dehydration,a,1,[Si],,,,polarized FTIR E ,, a,Ferriss,in prep,86.2,bulk H,kiki,800,0.0001,,Ni-NiO-2.6,-16.75,dehydration,a,1,[Si],,,,polarized FTIR E ,, a,Ferriss,in prep,86.2,bulk H,kiki,800,0.0001,,Ni-NiO-2.6,-16.75,dehydration,a,1,[Si],,,,polarized FTIR E ,, a,Ferriss,in prep,86.2,bulk H,kiki,800,0.0001,,Ni-NiO-2.6,-16.75,dehydration,a,1,[Si],,,,polarized FTIR E ,, a,Ferriss,in prep,86.2,bulk H,kiki,800,0.0001,,Ni-NiO-2.6,-16.75,dehydration,a,1,[Si],,,,polarized FTIR E ,, a,Ferriss,in prep,86.2,bulk H,kiki,800,0.0001,,Ni-NiO-2.6,-16.75,dehydration,a,1,[Si],,,,polarized FTIR E ,, a,Ferriss,in prep,86.2,bulk H,kiki,800,0.0001,,Ni-NiO-2.6,-16.75,dehydration,a,1,[Si],,,,polarized FTIR E ,, a,Ferriss,in prep,86.2,bulk H,kiki,800,0.0001,,Ni-NiO-2.6,-16.75,dehydration,a,1,[Si],,,,polarized FTIR E ,, a,Ferriss,in prep,86.2,bulk H,kiki,800,0.0001,,Ni-NiO-2.6,-16.75,dehydration,a,1,[Si],,,,polarized FTIR E ,, a,Ferriss,in prep,86.2,bulk H,kiki,800,0.0001,,Ni-NiO-2.6,-16.75,dehydration,a,1,[Si],,,,polarized FTIR E ,, a,Ferriss,in prep,86.2,bulk H,kiki,800,0.0001,,Ni-NiO-2.6,-16.75,dehydration,a,1,[Si],,,,polarized FTIR E ,, a,Ferriss,in prep,86.2,bulk H,kiki,800,0.0001,,Ni-NiO-2.6,-16.75,dehydration,a,1,[Si],,,,polarized FTIR E ,, a,Ferriss,in prep,86.2,bulk H,kiki,800,0.0001,,Ni-NiO-2.6,-16.75,dehydration,a,1,[Si],,,,polarized FTIR E ,, a,Ferriss,in prep,86.2,bulk H,kiki,800,0.0001,,Ni-NiO-2.6,-16.75,dehydration,a,1,[Si],,,,polarized FTIR E ,, a,Ferriss,in prep,86.2,bulk H,kiki,800,0.0001,,Ni-NiO-2.6,-16.75,dehydration,a,1,[Si],,,,polarized FTIR E ,, a,Ferriss,in prep,86.2,bulk H,kiki,800,0.0001,,Ni-NiO-2.6,-16.75,dehydration,a,1,[Si],,,,polarized FTIR E ,, a,Ferriss,in prep,86.2,bulk H,kiki,800,0.0001,,Ni-NiO-2.6,-16.75,dehydration,a,1,[Si],,,,polarized FTIR E ,, a,Ferriss,in prep,86.2,bulk H,kiki,800,0.0001,,Ni-NiO-2.6,-16.75,dehydration,a,1,[Si],,,,polarized FTIR E ,, a,Ferriss,in prep,86.2,bulk H,kiki,800,0.0001,,Ni-NiO-2.6,-16.75,dehydration,a,1,[Si],,,,polarized FTIR E ,, a,Ferriss,in prep,86.2,bulk H,kiki,800,0.0001,,Ni-NiO-2.6,-16.75,dehydration,a,1,[Si],,,,polarized FTIR E ,, a,Ferriss,in prep,86.2,bulk H,kiki,800,0.0001,,Ni-NiO-2.6,-16.75,dehydration,a,1,[Si],,,,polarized FTIR E ,, a,Ferriss,in prep,86.2,bulk H,kiki,800,0.0001,,Ni-NiO-2.6,-16.75,dehydration,a,1,[Si],,,,polarized FTIR E ,, a,Ferriss,in prep,86.2,bulk H,kiki,800,0.0001,,Ni-NiO-2.6,-16.75,dehydration,a,1,[Si],,,,polarized FTIR E ,, a,Ferriss,in prep,86.2,bulk H,kiki,800,0.0001,,Ni-NiO-2.6,-16.75,dehydration,a,1,[Si],,,,polarized FTIR E ,, a,Ferriss,in prep,86.2,bulk H,kiki,800,0.0001,,Ni-NiO-2.6,-16.75,dehydration,a,1,[Si],,,,polarized FTIR E ,, a,Ferriss,in prep,86.2,bulk H,kiki,800,0.0001,,Ni-NiO-2.6,-16.75,dehydration,a,1,[Si],,,,polarized FTIR E ,, a,Ferriss,in prep,86.2,bulk H,kiki,800,0.0001,,Ni-NiO-2.6,-16.75,dehydration,a,1,[Si],,,,polarized FTIR E ,, a,Ferriss,in prep,86.2,bulk H,kiki,800,0.0001,,Ni-NiO-2.6,-16.75,dehydration,a,1,[Si],,,,polarized FTIR E ,, a,Ferriss,in prep,86.2,bulk H,kiki,800,0.0001,,Ni-NiO-2.6,-16.75,dehydration,a,1,[Si],,,,polarized FTIR E ,, a,Ferriss,in prep,86.2,bulk H,kiki,800,0.0001,,Ni-NiO-2.6,-16.75,dehydration,a,1,[Si],,,,polarized FTIR E ,, a,Ferriss,in prep,86.2,bulk H,kiki,800,0.0001,,Ni-NiO-2.6,-16.75,dehydration,a,1,[Si],,,,polarized FTIR E ,, a,Ferriss,in prep,86.2,bulk H,kiki,800,0.0001,,Ni-NiO-2.6,-16.75,dehydration,a,1,[Si],,,,polarized FTIR E ,, a,Ferriss,in prep,86.2,bulk H,kiki,800,0.0001,,Ni-NiO-2.6,-16.75,dehydration,a,1,[Si],,,,polarized FTIR E ,, a,Ferriss,in prep,86.2,bulk H,kiki,800,0.0001,,Ni-NiO-2.6,-16.75,dehydration,a,1,[Si],,,,polarized FTIR E ,, a,Ferriss,in prep,86.2,bulk H,kiki,800,0.0001,,Ni-NiO-2.6,-16.75,dehydration,a,1,[Si],,,,polarized FTIR E ,, a,Ferriss,in prep,86.2,bulk H,kiki,800,0.0001,,Ni-NiO-2.6,-16.75,dehydration,a,1,[Si],,,,polarized FTIR E ,, a,Ferriss,in prep,86.2,bulk H,kiki,800,0.0001,,Ni-NiO-2.6,-16.75,dehydration,a,1,[Si],,,,polarized FTIR E ,, a,Ferriss,in prep,86.2,bulk H,kiki,800,0.0001,,Ni-NiO-2.6,-16.75,dehydration,a,1,[Si],,,,polarized FTIR E ,, a,Ferriss,in prep,86.2,bulk H,kiki,800,0.0001,,Ni-NiO-2.6,-16.75,dehydration,a,1,[Si],,,,polarized FTIR E ,, a,Ferriss,in prep,86.2,bulk H,kiki,800,0.0001,,Ni-NiO-2.6,-16.75,dehydration,a,1,[Si],,,,polarized FTIR E ,, a,Ferriss,in prep,86.2,bulk H,kiki,800,0.0001,,Ni-NiO-2.6,-16.75,dehydration,a,1,[Si],,,,polarized FTIR E ,, a,Ferriss,in prep,86.2,bulk H,kiki,800,0.0001,,Ni-NiO-2.6,-16.75,dehydration,a,1,[Si],,,,polarized FTIR E ,, a,Ferriss,in prep,86.2,bulk H,kiki,800,0.0001,,Ni-NiO-2.6,-16.75,dehydration,a,1,[Si],,,,polarized FTIR E ,, a,Ferriss,in prep,86.2,bulk H,kiki,800,0.0001,,Ni-NiO-2.6,-16.75,dehydration,a,1,[Si],,,,polarized FTIR E ,, a,Ferriss,in prep,86.2,bulk H,kiki,800,0.0001,,Ni-NiO-2.6,-16.75,dehydration,a,1,[Si],,,,polarized FTIR E ,, a,Ferriss,in prep,86.2,bulk H,kiki,800,0.0001,,Ni-NiO-2.6,-16.75,dehydration,a,1,[Si],,,,polarized FTIR E ,, a,Ferriss,in prep,86.2,bulk H,kiki,800,0.0001,,Ni-NiO-2.6,-16.75,dehydration,a,1,[Si],,,,polarized FTIR E ,, a,Ferriss,in prep,86.2,bulk H,kiki
Ferriss,in prep,86.2,3356,800,0.0001,Ni-NiO-2.6,-16.75,dehydration,kiki,b,1,[tri],-11.6,0.6,,no,polarized FTIR E ,,Ferriss,in prep,86.2,bulk H,kiki,800,0.0001,,Ni-NiO-2.6,-16.75,dehydration,b,1,[Si],,,,polarized FTIR E ,, a,Ferriss,in prep,86.2,bulk H,kiki,800,0.0001,,Ni-NiO-2.6,-16.75,dehydration,b,1,[Si],,,,polarized FTIR E ,, a,Ferriss,in prep,86.2,bulk H,kiki,800,0.0001,,Ni-NiO-2.6,-16.75,dehydration,b,1,[Si],,,,polarized FTIR E ,, a,Ferriss,in prep,86.2,bulk H,kiki,800,0.0001,,Ni-NiO-2.6,-16.75,dehydration,b,1,[Si],,,,polarized FTIR E ,, a,Ferriss,in prep,86.2,bulk H,kiki,800,0.0001,,Ni-NiO-2.6,-16.75,dehydration,b,1,[Si],,,,polarized FTIR E ,, a,Ferriss,in prep,86.2,bulk H,kiki,800,0.0001,,Ni-NiO-2.6,-16.75,dehydration,b,1,[Si],,,,polarized FTIR E ,, a,Ferriss,in prep,86.2,bulk H,kiki,800,0.0001,,Ni-NiO-2.6,-16.75,dehydration,b,1,[Si],,,,polarized FTIR E ,, a,Ferriss,in prep,86.2,bulk H,kiki,800,0.0001,,Ni-NiO-2.6,-16.75,dehydration,b,1,[Si],,,,polarized FTIR E ,, a,Ferriss,in prep,86.2,bulk H,kiki,800,0.0001,,Ni-NiO-2.6,-16.75,dehydration,b,1,[Si],,,,polarized FTIR E ,, a,Ferriss,in prep,86.2,bulk H,kiki,800,0.0001,,Ni-NiO-2.6,-16.75,dehydration,b,1,[Si],,,,polarized FTIR E ,, a,Ferriss,in prep,86.2,bulk H,kiki,800,0.0001,,Ni-NiO-2.6,-16.75,dehydration,b,1,[Si],,,,polarized FTIR E ,, a,Ferriss,in prep,86.2,bulk H,kiki,800,0.0001,,Ni-NiO-2.6,-16.75,dehydration,b,1,[Si],,,,polarized FTIR E ,, a,Ferriss,in prep,86.2,bulk H,kiki,800,0.0001,,Ni-NiO-2.6,-16.75,dehydration,b,1,[Si],,,,polarized FTIR E ,, a,Ferriss,in prep,86.2,bulk H,kiki,800,0.0001,,Ni-NiO-2.6,-16.75,dehydration,b,1,[Si],,,,polarized FTIR E ,, a,Ferriss,in prep,86.2,bulk H,kiki,800,0.0001,,Ni-NiO-2.6,-16.75,dehydration,b,1,[Si],,,,polarized FTIR E ,, a,Ferriss,in prep,86.2,bulk H,kiki,800,0.0001,,Ni-NiO-2.6,-16.75,dehydration,b,1,[Si],,,,polarized FTIR E ,, a,Ferriss,in prep,86.2,bulk H,kiki,800,0.0001,,Ni-NiO-2.6,-16.75,dehydration,b,1,[Si],,,,polarized FTIR E ,, a,Ferriss,in prep,86.2,bulk H,kiki,800,0.0001,,Ni-NiO-2.6,-16.75,dehydration,b,1,[Si],,,,polarized FTIR E ,, a,Ferriss,in prep,86.2,bulk H,kiki,800,0.0001,,Ni-NiO-2.6,-16.75,dehydration,b,1,[Si],,,,polarized FTIR E ,, a,Ferriss,in prep,86.2,bulk H,kiki,800,0.0001,,Ni-NiO-2.6,-16.75,dehydration,b,1,[Si],,,,polarized FTIR E ,, a,Ferriss,in prep,86.2,bulk H,kiki,800,0.0001,,Ni-NiO-2.6,-16.75,dehydration,b,1,[Si],,,,polarized FTIR E ,, a,Ferriss,in prep,86.2,bulk H,kiki,800,0.0001,,Ni-NiO-2.6,-16.75,dehydration,b,1,[Si],,,,polarized FTIR E ,, a,Ferriss,in prep,86.2,bulk H,kiki,800,0.0001,,Ni-NiO-2.6,-16.75,dehydration,b,1,[Si],,,,polarized FTIR E ,, a,Ferriss,in prep,86.2,bulk H,kiki,800,0.0001,,Ni-NiO-2.6,-16.75,dehydration,b,1,[Si],,,,polarized FTIR E ,, a,Ferriss,in prep,86.2,bulk H,kiki,800,0.0001,,Ni-NiO-2.6,-16.75,dehydration,b,1,[Si],,,,polarized FTIR E ,, a,Ferriss,in prep,86.2,bulk H,kiki,800,0.0001,,Ni-NiO-2.6,-16.75,dehydration,b,1,[Si],,,,polarized FTIR E ,, a,Ferriss,in prep,86.2,bulk H,kiki,800,0.0001,,Ni-NiO-2.6,-16.75,dehydration,b,1,[Si],,,,polarized FTIR E ,, a,Ferriss,in prep,86.2,bulk H,kiki,800,0.0001,,Ni-NiO-2.6,-16.75,dehydration,b,1,[Si],,,,polarized FTIR E ,, a,Ferriss,in prep,86.2,bulk H,kiki,800,0.0001,,Ni-NiO-2.6,-16.75,dehydration,b,1,[Si],,,,polarized FTIR E ,, a,Ferriss,in prep,86.2,bulk H,kiki,800,0.0001,,Ni-NiO-2.6,-16.75,dehydration,b,1,[Si],,,,polarized FTIR E ,, a,Ferriss,in prep,86.2,bulk H,kiki,800,0.0001,,Ni-NiO-2.6,-16.75,dehydration,b,1,[Si],,,,polarized FTIR E ,, a,Ferriss,in prep,86.2,bulk H,kiki,800,0.0001,,Ni-NiO-2.6,-16.75,dehydration,b,1,[Si],,,,polarized FTIR E ,, a,Ferriss,in prep,86.2,bulk H,kiki,800,0.0001,,Ni-NiO-2.6,-16.75,dehydration,b,1,[Si],,,,polarized FTIR E ,, a,Ferriss,in prep,86.2,bulk H,kiki,800,0.0001,,Ni-NiO-2.6,-16.75,dehydration,b,1,[Si],,,,polarized FTIR E ,, a,Ferriss,in prep,86.2,bulk H,kiki,800,0.0001,,Ni-NiO-2.6,-16.75,dehydration,b,1,[Si],,,,polarized FTIR E ,, a,Ferriss,in prep,86.2,bulk H,kiki,800,0.0001,,Ni-NiO-2.6,-16.75,dehydration,b,1,[Si],,,,polarized FTIR E ,, a,Ferriss,in prep,86.2,bulk H,kiki,800,0.0001,,Ni-NiO-2.6,-16.75,dehydration,b,1,[Si],,,,polarized FTIR E ,, a,Ferriss,in prep,86.2,bulk H,kiki,800,0.0001,,Ni-NiO-2.6,-16.75,dehydration,b,1,[Si],,,,polarized FTIR E ,, a,Ferriss,in prep,86.2,bulk H,kiki,800,0.0001,,Ni-NiO-2.6,-16.75,dehydration,b,1,[Si],,,,polarized FTIR E ,, a,Ferriss,in prep,86.2,bulk H,kiki,800,0.0001,,Ni-NiO-2.6,-16.75,dehydration,b,1,[Si],,,,polarized FTIR E ,, a,Ferriss,in prep,86.2,bulk H,kiki,800,0.0001,,Ni-NiO-2.6,-16.75,dehydration,b,1,[Si],,,,polarized FTIR E ,, a,Ferriss,in prep,86.2,bulk H,kiki,800,0.0001,,Ni-NiO-2.6,-16.75,dehydration,b,1,[Si],,,,polarized FTIR E ,, a,Ferriss,in prep,86.2,bulk H,kiki,800,0.0001,,Ni-NiO-2.6,-16.75,dehydration,b,1,[Si],,,,polarized FTIR E ,, a,Ferriss,in prep,86.2,bulk H,kiki,800,0.0001,,Ni-NiO-2.6,-16.75,dehydration,b,1,[Si],,,,polarized FTIR E ,, a,Ferriss,in prep,86.2,bulk H,kiki,800,0.0001,,Ni-NiO-2.6,-16.75,dehydration,b,1,[Si],,,,polarized FTIR E ,, a,Ferriss,in prep,86.2,bulk H,kiki,800,0.0001,,Ni-NiO-2.6,-16.75,dehydration,b,1,[Si],,,,polarized FTIR E ,, a,Ferriss,in prep,86.2,bulk H,kiki,800,0.0001,,Ni-NiO-2.6,-16.75,dehydration,b,1,[Si],,,,polarized FTIR E ,, a,Ferriss,in prep,86.2,bulk H,kiki,800,0.0001,,Ni-NiO-2.6,-16.75,dehydration,b,1,[Si],,,,polarized FTIR E ,, a,Ferriss,in prep,86.2,bulk H,kiki,800,0.0001,,Ni-NiO-2.6,-16.75,dehydration,b,1,[Si],,,,polarized FTIR E ,, a,Ferriss,in prep,86.2,bulk H,kiki,800,0.0001,,Ni-NiO-2.6,-16.75,dehydration,b,1,[Si],,,,polarized FTIR E ,, a,Ferriss,in prep,86.2,bulk H,kiki
Ferriss,in prep,86.2,3356,800,0.0001,Ni-NiO-2.6,-16.75,dehydration,kiki,c,1,[tri],-11,0.6,,no,polarized FTIR E ,,Ferriss,in prep,86.2,bulk H,kiki,800,0.0001,,Ni-NiO-2.6,-16.75,dehydration,c,1,[Si],,,,polarized FTIR E ,, a,Ferriss,in prep,86.2,bulk H,kiki,800,0.0001,,Ni-NiO-2.6,-16.75,dehydration,c,1,[Si],,,,polarized FTIR E ,, a,Ferriss,in prep,86.2,bulk H,kiki,800,0.0001,,Ni-NiO-2.6,-16.75,dehydration,c,1,[Si],,,,polarized FTIR E ,, a,Ferriss,in prep,86.2,bulk H,kiki,800,0.0001,,Ni-NiO-2.6,-16.75,dehydration,c,1,[Si],,,,polarized FTIR E ,, a,Ferriss,in prep,86.2,bulk H,kiki,800,0.0001,,Ni-NiO-2.6,-16.75,dehydration,c,1,[Si],,,,polarized FTIR E ,, a,Ferriss,in prep,86.2,bulk H,kiki,800,0.0001,,Ni-NiO-2.6,-16.75,dehydration,c,1,[Si],,,,polarized FTIR E ,, a,Ferriss,in prep,86.2,bulk H,kiki,800,0.0001,,Ni-NiO-2.6,-16.75,dehydration,c,1,[Si],,,,polarized FTIR E ,, a,Ferriss,in prep,86.2,bulk H,kiki,800,0.0001,,Ni-NiO-2.6,-16.75,dehydration,c,1,[Si],,,,polarized FTIR E ,, a,Ferriss,in prep,86.2,bulk H,kiki,800,0.0001,,Ni-NiO-2.6,-16.75,dehydration,c,1,[Si],,,,polarized FTIR E ,, a,Ferriss,in prep,86.2,bulk H,kiki,800,0.0001,,Ni-NiO-2.6,-16.75,dehydration,c,1,[Si],,,,polarized FTIR E ,, a,Ferriss,in prep,86.2,bulk H,kiki,800,0.0001,,Ni-NiO-2.6,-16.75,dehydration,c,1,[Si],,,,polarized FTIR E ,, a,Ferriss,in prep,86.2,bulk H,kiki,800,0.0001,,Ni-NiO-2.6,-16.75,dehydration,c,1,[Si],,,,polarized FTIR E ,, a,Ferriss,in prep,86.2,bulk H,kiki,800,0.0001,,Ni-NiO-2.6,-16.75,dehydration,c,1,[Si],,,,polarized FTIR E ,, a,Ferriss,in prep,86.2,bulk H,kiki,800,0.0001,,Ni-NiO-2.6,-16.75,dehydration,c,1,[Si],,,,polarized FTIR E ,, a,Ferriss,in prep,86.2,bulk H,kiki,800,0.0001,,Ni-NiO-2.6,-16.75,dehydration,c,1,[Si],,,,polarized FTIR E ,, a,Ferriss,in prep,86.2,bulk H,kiki,800,0.0001,,Ni-NiO-2.6,-16.75,dehydration,c,1,[Si],,,,polarized FTIR E ,, a,Ferriss,in prep,86.2,bulk H,kiki,800,0.0001,,Ni-NiO-2.6,-16.75,dehydration,c,1,[Si],,,,polarized FTIR E ,, a,Ferriss,in prep,86.2,bulk H,kiki,800,0.0001,,Ni-NiO-2.6,-16.75,dehydration,c,1,[Si],,,,polarized FTIR E ,, a,Ferriss,in prep,86.2,bulk H,kiki,800,0.0001,,Ni-NiO-2.6,-16.75,dehydration,c,1,[Si],,,,polarized FTIR E ,, a,Ferriss,in prep,86.2,bulk H,kiki,800,0.0001,,Ni-NiO-2.6,-16.75,dehydration,c,1,[Si],,,,polarized FTIR E ,, a,Ferriss,in prep,86.2,bulk H,kiki,800,0.0001,,Ni-NiO-2.6,-16.75,dehydration,c,1,[Si],,,,polarized FTIR E ,, a,Ferriss,in prep,86.2,bulk H,kiki,800,0.0001,,Ni-NiO-2.6,-16.75,dehydration,c,1,[Si],,,,polarized FTIR E ,, a,Ferriss,in prep,86.2,bulk H,kiki,800,0.0001,,Ni-NiO-2.6,-16.75,dehydration,c,1,[Si],,,,polarized FTIR E ,, a,Ferriss,in prep,86.2,bulk H,kiki,800,0.0001,,Ni-NiO-2.6,-16.75,dehydration,c,1,[Si],,,,polarized FTIR E ,, a,Ferriss,in prep,86.2,bulk H,kiki,800,0.0001,,Ni-NiO-2.6,-16.75,dehydration,c,1,[Si],,,,polarized FTIR E ,, a,Ferriss,in prep,86.2,bulk H,kiki,800,0.0001,,Ni-NiO-2.6,-16.75,dehydration,c,1,[Si],,,,polarized FTIR E ,, a,Ferriss,in prep,86.2,bulk H,kiki,800,0.0001,,Ni-NiO-2.6,-16.75,dehydration,c,1,[Si],,,,polarized FTIR E ,, a,Ferriss,in prep,86.2,bulk H,kiki,800,0.0001,,Ni-NiO-2.6,-16.75,dehydration,c,1,[Si],,,,polarized FTIR E ,, a,Ferriss,in prep,86.2,bulk H,kiki,800,0.0001,,Ni-NiO-2.6,-16.75,dehydration,c,1,[Si],,,,polarized FTIR E ,, a,Ferriss,in prep,86.2,bulk H,kiki,800,0.0001,,Ni-NiO-2.6,-16.75,dehydration,c,1,[Si],,,,polarized FTIR E ,, a,Ferriss,in prep,86.2,bulk H,kiki,800,0.0001,,Ni-NiO-2.6,-16.75,dehydration,c,1,[Si],,,,polarized FTIR E ,, a,Ferriss,in prep,86.2,bulk H,kiki,800,0.0001,,Ni-NiO-2.6,-16.75,dehydration,c,1,[Si],,,,polarized FTIR E ,, a,Ferriss,in prep,86.2,bulk H,kiki,800,0.0001,,Ni-NiO-2.6,-16.75,dehydration,c,1,[Si],,,,polarized FTIR E ,, a,Ferriss,in prep,86.2,bulk H,kiki,800,0.0001,,Ni-NiO-2.6,-16.75,dehydration,c,1,[Si],,,,polarized FTIR E ,, a,Ferriss,in prep,86.2,bulk H,kiki,800,0.0001,,Ni-NiO-2.6,-16.75,dehydration,c,1,[Si],,,,polarized FTIR E ,, a,Ferriss,in prep,86.2,bulk H,kiki,800,0.0001,,Ni-NiO-2.6,-16.75,dehydration,c,1,[Si],,,,polarized FTIR E ,, a,Ferriss,in prep,86.2,bulk H,kiki,800,0.0001,,Ni-NiO-2.6,-16.75,dehydration,c,1,[Si],,,,polarized FTIR E ,, a,Ferriss,in prep,86.2,bulk H,kiki,800,0.0001,,Ni-NiO-2.6,-16.75,dehydration,c,1,[Si],,,,polarized FTIR E ,, a,Ferriss,in prep,86.2,bulk H,kiki,800,0.0001,,Ni-NiO-2.6,-16.75,dehydration,c,1,[Si],,,,polarized FTIR E ,, a,Ferriss,in prep,86.2,bulk H,kiki,800,0.0001,,Ni-NiO-2.6,-16.75,dehydration,c,1,[Si],,,,polarized FTIR E ,, a,Ferriss,in prep,86.2,bulk H,kiki,800,0.0001,,Ni-NiO-2.6,-16.75,dehydration,c,1,[Si],,,,polarized FTIR E ,, a,Ferriss,in prep,86.2,bulk H,kiki,800,0.0001,,Ni-NiO-2.6,-16.75,dehydration,c,1,[Si],,,,polarized FTIR E ,, a,Ferriss,in prep,86.2,bulk H,kiki,800,0.0001,,Ni-NiO-2.6,-16.75,dehydration,c,1,[Si],,,,polarized FTIR E ,, a,Ferriss,in prep,86.2,bulk H,kiki,800,0.0001,,Ni-NiO-2.6,-16.75,dehydration,c,1,[Si],,,,polarized FTIR E ,, a,Ferriss,in prep,86.2,bulk H,kiki,800,0.0001,,Ni-NiO-2.6,-16.75,dehydration,c,1,[Si],,,,polarized FTIR E ,, a,Ferriss,in prep,86.2,bulk H,kiki,800,0.0001,,Ni-NiO-2.6,-16.75,dehydration,c,1,[Si],,,,polarized FTIR E ,, a,Ferriss,in prep,86.2,bulk H,kiki,800,0.0001,,Ni-NiO-2.6,-16.75,dehydration,c,1,[Si],,,,polarized FTIR E ,, a,Ferriss,in prep,86.2,bulk H,kiki,800,0.0001,,Ni-NiO-2.6,-16.75,dehydration,c,1,[Si],,,,polarized FTIR E ,, a,Ferriss,in prep,86.2,bulk H,kiki,800,0.0001,,Ni-NiO-2.6,-16.75,dehydration,c,1,[Si],,,,polarized FTIR E ,, a,Ferriss,in prep,86.2,bulk H,kiki,800,0.0001,,Ni-NiO-2.6,-16.75,dehydration,c,1,[Si],,,,polarized FTIR E ,, a,Ferriss,in prep,86.2,bulk H,kiki
Ferriss,in prep,86.2,3356,800,0.0001,Ni-NiO-2.6,-16.75,dehydration,kiki,a,8,[tri],-12.5,0.6,,no,polarized FTIR E ,,Ferriss,in prep,86.2,bulk H,kiki,800,0.0001,,Ni-NiO-2.6,-16.75,dehydration,a,8,[Si],,,,polarized FTIR E ,, a,Ferriss,in prep,86.2,bulk H,kiki,800,0.0001,,Ni-NiO-2.6,-16.75,dehydration,a,8,[Si],,,,polarized FTIR E ,, a,Ferriss,in prep,86.2,bulk H,kiki,800,0.0001,,Ni-NiO-2.6,-16.75,dehydration,a,8,[Si],,,,polarized FTIR E ,, a,Ferriss,in prep,86.2,bulk H,kiki,800,0.0001,,Ni-NiO-2.6,-16.75,dehydration,a,8,[Si],,,,polarized FTIR E ,, a,Ferriss,in prep,86.2,bulk H,kiki,800,0.0001,,Ni-NiO-2.6,-16.75,dehydration,a,8,[Si],,,,polarized FTIR E ,, a,Ferriss,in prep,86.2,bulk H,kiki,800,0.0001,,Ni-NiO-2.6,-16.75,dehydration,a,8,[Si],,,,polarized FTIR E ,, a,Ferriss,in prep,86.2,bulk H,kiki,800,0.0001,,Ni-NiO-2.6,-16.75,dehydration,a,8,[Si],,,,polarized FTIR E ,, a,Ferriss,in prep,86.2,bulk H,kiki,800,0.0001,,Ni-NiO-2.6,-16.75,dehydration,a,8,[Si],,,,polarized FTIR E ,, a,Ferriss,in prep,86.2,bulk H,kiki,800,0.0001,,Ni-NiO-2.6,-16.75,dehydration,a,8,[Si],,,,polarized FTIR E ,, a,Ferriss,in prep,86.2,bulk H,kiki,800,0.0001,,Ni-NiO-2.6,-16.75,dehydration,a,8,[Si],,,,polarized FTIR E ,, a,Ferriss,in prep,86.2,bulk H,kiki,800,0.0001,,Ni-NiO-2.6,-16.75,dehydration,a,8,[Si],,,,polarized FTIR E ,, a,Ferriss,in prep,86.2,bulk H,kiki,800,0.0001,,Ni-NiO-2.6,-16.75,dehydration,a,8,[Si],,,,polarized FTIR E ,, a,Ferriss,in prep,86.2,bulk H,kiki,800,0.0001,,Ni-NiO-2.6,-16.75,dehydration,a,8,[Si],,,,polarized FTIR E ,, a,Ferriss,in prep,86.2,bulk H,kiki,800,0.0001,,Ni-NiO-2.6,-16.75,dehydration,a,8,[Si],,,,polarized FTIR E ,, a,Ferriss,in prep,86.2,bulk H,kiki,800,0.0001,,Ni-NiO-2.6,-16.75,dehydration,a,8,[Si],,,,polarized FTIR E ,, a,Ferriss,in prep,86.2,bulk H,kiki,800,0.0001,,Ni-NiO-2.6,-16.75,dehydration,a,8,[Si],,,,polarized FTIR E ,, a,Ferriss,in prep,86.2,bulk H,kiki,800,0.0001,,Ni-NiO-2.6,-16.75,dehydration,a,8,[Si],,,,polarized FTIR E ,, a,Ferriss,in prep,86.2,bulk H,kiki,800,0.0001,,Ni-NiO-2.6,-16.75,dehydration,a,8,[Si],,,,polarized FTIR E ,, a,Ferriss,in prep,86.2,bulk H,kiki,800,0.0001,,Ni-NiO-2.6,-16.75,dehydration,a,8,[Si],,,,polarized FTIR E ,, a,Ferriss,in prep,86.2,bulk H,kiki,800,0.0001,,Ni-NiO-2.6,-16.75,dehydration,a,8,[Si],,,,polarized FTIR E ,, a,Ferriss,in prep,86.2,bulk H,kiki,800,0.0001,,Ni-NiO-2.6,-16.75,dehydration,a,8,[Si],,,,polarized FTIR E ,, a,Ferriss,in prep,86.2,bulk H,kiki,800,0.0001,,Ni-NiO-2.6,-16.75,dehydration,a,8,[Si],,,,polarized FTIR E ,, a,Ferriss,in prep,86.2,bulk H,kiki,800,0.0001,,Ni-NiO-2.6,-16.75,dehydration,a,8,[Si],,,,polarized FTIR E ,, a,Ferriss,in prep,86.2,bulk H,kiki,800,0.0001,,Ni-NiO-2.6,-16.75,dehydration,a,8,[Si],,,,polarized FTIR E ,, a,Ferriss,in prep,86.2,bulk H,kiki,800,0.0001,,Ni-NiO-2.6,-16.75,dehydration,a,8,[Si],,,,polarized FTIR E ,, a,Ferriss,in prep,86.2,bulk H,kiki,800,0.0001,,Ni-NiO-2.6,-16.75,dehydration,a,8,[Si],,,,polarized FTIR E ,, a,Ferriss,in prep,86.2,bulk H,kiki,800,0.0001,,Ni-NiO-2.6,-16.75,dehydration,a,8,[Si],,,,polarized FTIR E ,, a,Ferriss,in prep,86.2,bulk H,kiki,800,0.0001,,Ni-NiO-2.6,-16.75,dehydration,a,8,[Si],,,,polarized FTIR E ,, a,Ferriss,in prep,86.2,bulk H,kiki,800,0.0001,,Ni-NiO-2.6,-16.75,dehydration,a,8,[Si],,,,polarized FTIR E ,, a,Ferriss,in prep,86.2,bulk H,kiki,800,0.0001,,Ni-NiO-2.6,-16.75,dehydration,a,8,[Si],,,,polarized FTIR E ,, a,Ferriss,in prep,86.2,bulk H,kiki,800,0.0001,,Ni-NiO-2.6,-16.75,dehydration,a,8,[Si],,,,polarized FTIR E ,, a,Ferriss,in prep,86.2,bulk H,kiki,800,0.0001,,Ni-NiO-2.6,-16.75,dehydration,a,8,[Si],,,,polarized FTIR E ,, a,Ferriss,in prep,86.2,bulk H,kiki,800,0.0001,,Ni-NiO-2.6,-16.75,dehydration,a,8,[Si],,,,polarized FTIR E ,, a,Ferriss,in prep,86.2,bulk H,kiki,800,0.0001,,Ni-NiO-2.6,-16.75,dehydration,a,8,[Si],,,,polarized FTIR E ,, a,Ferriss,in prep,86.2,bulk H,kiki,800,0.0001,,Ni-NiO-2.6,-16.75,dehydration,a,8,[Si],,,,polarized FTIR E ,, a,Ferriss,in prep,86.2,bulk H,kiki,800,0.0001,,Ni-NiO-2.6,-16.75,dehydration,a,8,[Si],,,,polarized FTIR E ,, a,Ferriss,in prep,86.2,bulk H,kiki,800,0.0001,,Ni-NiO-2.6,-16.75,dehydration,a,8,[Si],,,,polarized FTIR E ,, a,Ferriss,in prep,86.2,bulk H,kiki,800,0.0001,,Ni-NiO-2.6,-16.75,dehydration,a,8,[Si],,,,polarized FTIR E ,, a,Ferriss,in prep,86.2,bulk H,kiki,800,0.0001,,Ni-NiO-2.6,-16.75,dehydration,a,8,[Si],,,,polarized FTIR E ,, a,Ferriss,in prep,86.2,bulk H,kiki,800,0.0001,,Ni-NiO-2.6,-16.75,dehydration,a,8,[Si],,,,polarized FTIR E ,, a,Ferriss,in prep,86.2,bulk H,kiki,800,0.0001,,Ni-NiO-2.6,-16.75,dehydration,a,8,[Si],,,,polarized FTIR E ,, a,Ferriss,in prep,86.2,bulk H,kiki,800,0.0001,,Ni-NiO-2.6,-16.75,dehydration,a,8,[Si],,,,polarized FTIR E ,, a,Ferriss,in prep,86.2,bulk H,kiki,800,0.0001,,Ni-NiO-2.6,-16.75,dehydration,a,8,[Si],,,,polarized FTIR E ,, a,Ferriss,in prep,86.2,bulk H,kiki,800,0.0001,,Ni-NiO-2.6,-16.75,dehydration,a,8,[Si],,,,polarized FTIR E ,, a,Ferriss,in prep,86.2,bulk H,kiki,800,0.0001,,Ni-NiO-2.6,-16.75,dehydration,a,8,[Si],,,,polarized FTIR E ,, a,Ferriss,in prep,86.2,bulk H,kiki,800,0.0001,,Ni-NiO-2.6,-16.75,dehydration,a,8,[Si],,,,polarized FTIR E ,, a,Ferriss,in prep,86.2,bulk H,kiki,800,0.0001,,Ni-NiO-2.6,-16.75,dehydration,a,8,[Si],,,,polarized FTIR E ,, a,Ferriss,in prep,86.2,bulk H,kiki,800,0.0001,,Ni-NiO-2.6,-16.75,dehydration,a,8,[Si],,,,polarized FTIR E ,, a,Ferriss,in prep,86.2,bulk H,kiki,800,0.0001,,Ni-NiO-2.6,-16.75,dehydration,a,8,[Si],,,,polarized FTIR E ,, a,Ferriss,in prep,86.2,bulk H,kiki,800,0.0001,,Ni-NiO-2.6,-16.75,dehydration,a,8,[Si],,,,polarized FTIR E ,, a,Ferriss,in prep,86.2,bulk H,kiki
Ferriss,in prep,86.2,3356,800,0.0001,Ni-NiO-2.6,-16.75,dehydration,kiki,b,8,[tri],-12.2,0.6,,no,polarized FTIR E ,,Ferriss,in prep,86.2,bulk H,kiki,800,0.0001,,Ni-NiO-2.6,-16.75,dehydration,b,8,[Si],,,,polarized FTIR E ,, a,Ferriss,in prep,86.2,bulk H,kiki,800,0.0001,,Ni-NiO-2.6,-16.75,dehydration,b,8,[Si],,,,polarized FTIR E ,, a,Ferriss,in prep,86.2,bulk H,kiki,800,0.0001,,Ni-NiO-2.6,-16.75,dehydration,b,8,[Si],,,,polarized FTIR E ,, a,Ferriss,in prep,86.2,bulk H,kiki,800,0.0001,,Ni-NiO-2.6,-16.75,dehydration,b,8,[Si],,,,polarized FTIR E ,, a,Ferriss,in prep,86.2,bulk H,kiki,800,0.0001,,Ni-NiO-2.6,-16.75,dehydration,b,8,[Si],,,,polarized FTIR E ,, a,Ferriss,in prep,86.2,bulk H,kiki,800,0.0001,,Ni-NiO-2.6,-16.75,dehydration,b,8,[Si],,,,polarized FTIR E ,, a,Ferriss,in prep,86.2,bulk H,kiki,800,0.0001,,Ni-NiO-2.6,-16.75,dehydration,b,8,[Si],,,,polarized FTIR E ,, a,Ferriss,in prep,86.2,bulk H,kiki,800,0.0001,,Ni-NiO-2.6,-16.75,dehydration,b,8,[Si],,,,polarized FTIR E ,, a,Ferriss,in prep,86.2,bulk H,kiki,800,0.0001,,Ni-NiO-2.6,-16.75,dehydration,b,8,[Si],,,,polarized FTIR E ,, a,Ferriss,in prep,86.2,bulk H,kiki,800,0.0001,,Ni-NiO-2.6,-16.75,dehydration,b,8,[Si],,,,polarized FTIR E ,, a,Ferriss,in prep,86.2,bulk H,kiki,800,0.0001,,Ni-NiO-2.6,-16.75,dehydration,b,8,[Si],,,,polarized FTIR E ,, a,Ferriss,in prep,86.2,bulk H,kiki,800,0.0001,,Ni-NiO-2.6,-16.75,dehydration,b,8,[Si],,,,polarized FTIR E ,, a,Ferriss,in prep,86.2,bulk H,kiki,800,0.0001,,Ni-NiO-2.6,-16.75,dehydration,b,8,[Si],,,,polarized FTIR E ,, a,Ferriss,in prep,86.2,bulk H,kiki,800,0.0001,,Ni-NiO-2.6,-16.75,dehydration,b,8,[Si],,,,polarized FTIR E ,, a,Ferriss,in prep,86.2,bulk H,kiki,800,0.0001,,Ni-NiO-2.6,-16.75,dehydration,b,8,[Si],,,,polarized FTIR E ,, a,Ferriss,in prep,86.2,bulk H,kiki,800,0.0001,,Ni-NiO-2.6,-16.75,dehydration,b,8,[Si],,,,polarized FTIR E ,, a,Ferriss,in prep,86.2,bulk H,kiki,800,0.0001,,Ni-NiO-2.6,-16.75,dehydration,b,8,[Si],,,,polarized FTIR E ,, a,Ferriss,in prep,86.2,bulk H,kiki,800,0.0001,,Ni-NiO-2.6,-16.75,dehydration,b,8,[Si],,,,polarized FTIR E ,, a,Ferriss,in prep,86.2,bulk H,kiki,800,0.0001,,Ni-NiO-2.6,-16.75,dehydration,b,8,[Si],,,,polarized FTIR E ,, a,Ferriss,in prep,86.2,bulk H,kiki,800,0.0001,,Ni-NiO-2.6,-16.75,dehydration,b,8,[Si],,,,polarized FTIR E ,, a,Ferriss,in prep,86.2,bulk H,kiki,800,0.0001,,Ni-NiO-2.6,-16.75,dehydration,b,8,[Si],,,,polarized FTIR E ,, a,Ferriss,in prep,86.2,bulk H,kiki,800,0.0001,,Ni-NiO-2.6,-16.75,dehydration,b,8,[Si],,,,polarized FTIR E ,, a,Ferriss,in prep,86.2,bulk H,kiki,800,0.0001,,Ni-NiO-2.6,-16.75,dehydration,b,8,[Si],,,,polarized FTIR E ,, a,Ferriss,in prep,86.2,bulk H,kiki,800,0.0001,,Ni-NiO-2.6,-16.75,dehydration,b,8,[Si],,,,polarized FTIR E ,, a,Ferriss,in prep,86.2,bulk H,kiki,800,0.0001,,Ni-NiO-2.6,-16.75,dehydration,b,8,[Si],,,,polarized FTIR E ,, a,Ferriss,in prep,86.2,bulk H,kiki,800,0.0001,,Ni-NiO-2.6,-16.75,dehydration,b,8,[Si],,,,polarized FTIR E ,, a,Ferriss,in prep,86.2,bulk H,kiki,800,0.0001,,Ni-NiO-2.6,-16.75,dehydration,b,8,[Si],,,,polarized FTIR E ,, a,Ferriss,in prep,86.2,bulk H,kiki,800,0.0001,,Ni-NiO-2.6,-16.75,dehydration,b,8,[Si],,,,polarized FTIR E ,, a,Ferriss,in prep,86.2,bulk H,kiki,800,0.0001,,Ni-NiO-2.6,-16.75,dehydration,b,8,[Si],,,,polarized FTIR E ,, a,Ferriss,in prep,86.2,bulk H,kiki,800,0.0001,,Ni-NiO-2.6,-16.75,dehydration,b,8,[Si],,,,polarized FTIR E ,, a,Ferriss,in prep,86.2,bulk H,kiki,800,0.0001,,Ni-NiO-2.6,-16.75,dehydration,b,8,[Si],,,,polarized FTIR E ,, a,Ferriss,in prep,86.2,bulk H,kiki,800,0.0001,,Ni-NiO-2.6,-16.75,dehydration,b,8,[Si],,,,polarized FTIR E ,, a,Ferriss,in prep,86.2,bulk H,kiki,800,0.0001,,Ni-NiO-2.6,-16.75,dehydration,b,8,[Si],,,,polarized FTIR E ,, a,Ferriss,in prep,86.2,bulk H,kiki,800,0.0001,,Ni-NiO-2.6,-16.75,dehydration,b,8,[Si],,,,polarized FTIR E ,, a,Ferriss,in prep,86.2,bulk H,kiki,800,0.0001,,Ni-NiO-2.6,-16.75,dehydration,b,8,[Si],,,,polarized FTIR E ,, a,Ferriss,in prep,86.2,bulk H,kiki,800,0.0001,,Ni-NiO-2.6,-16.75,dehydration,b,8,[Si],,,,polarized FTIR E ,, a,Ferriss,in prep,86.2,bulk H,kiki,800,0.0001,,Ni-NiO-2.6,-16.75,dehydration,b,8,[Si],,,,polarized FTIR E ,, a,Ferriss,in prep,86.2,bulk H,kiki,800,0.0001,,Ni-NiO-2.6,-16.75,dehydration,b,8,[Si],,,,polarized FTIR E ,, a,Ferriss,in prep,86.2,bulk H,kiki,800,0.0001,,Ni-NiO-2.6,-16.75,dehydration,b,8,[Si],,,,polarized FTIR E ,, a,Ferriss,in prep,86.2,bulk H,kiki,800,0.0001,,Ni-NiO-2.6,-16.75,dehydration,b,8,[Si],,,,polarized FTIR E ,, a,Ferriss,in prep,86.2,bulk H,kiki,800,0.0001,,Ni-NiO-2.6,-16.75,dehydration,b,8,[Si],,,,polarized FTIR E ,, a,Ferriss,in prep,86.2,bulk H,kiki,800,0.0001,,Ni-NiO-2.6,-16.75,dehydration,b,8,[Si],,,,polarized FTIR E ,, a,Ferriss,in prep,86.2,bulk H,kiki,800,0.0001,,Ni-NiO-2.6,-16.75,dehydration,b,8,[Si],,,,polarized FTIR E ,, a,Ferriss,in prep,86.2,bulk H,kiki,800,0.0001,,Ni-NiO-2.6,-16.75,dehydration,b,8,[Si],,,,polarized FTIR E ,, a,Ferriss,in prep,86.2,bulk H,kiki,800,0.0001,,Ni-NiO-2.6,-16.75,dehydration,b,8,[Si],,,,polarized FTIR E ,, a,Ferriss,in prep,86.2,bulk H,kiki,800,0.0001,,Ni-NiO-2.6,-16.75,dehydration,b,8,[Si],,,,polarized FTIR E ,, a,Ferriss,in prep,86.2,bulk H,kiki,800,0.0001,,Ni-NiO-2.6,-16.75,dehydration,b,8,[Si],,,,polarized FTIR E ,, a,Ferriss,in prep,86.2,bulk H,kiki,800,0.0001,,Ni-NiO-2.6,-16.75,dehydration,b,8,[Si],,,,polarized FTIR E ,, a,Ferriss,in prep,86.2,bulk H,kiki,800,0.0001,,Ni-NiO-2.6,-16.75,dehydration,b,8,[Si],,,,polarized FTIR E ,, a,Ferriss,in prep,86.2,bulk H,kiki,800,0.0001,,Ni-NiO-2.6,-16.75,dehydration,b,8,[Si],,,,polarized FTIR E ,, a,Ferriss,in prep,86.2,bulk H,kiki
Ferriss,in prep,86.2,3356,800,0.0001,Ni-NiO-2.6,-16.75,dehydration,kiki,c,8,[tri],-12.5,0.6,,no,polarized FTIR E ,,Ferriss,in prep,86.2,bulk H,kiki,800,0.0001,,Ni-NiO-2.6,-16.75,dehydration,c,8,[Si],,,,polarized FTIR E ,, a,Ferriss,in prep,86.2,bulk H,kiki,800,0.0001,,Ni-NiO-2.6,-16.75,dehydration,c,8,[Si],,,,polarized FTIR E ,, a,Ferriss,in prep,86.2,bulk H,kiki,800,0.0001,,Ni-NiO-2.6,-16.75,dehydration,c,8,[Si],,,,polarized FTIR E ,, a,Ferriss,in prep,86.2,bulk H,kiki,800,0.0001,,Ni-NiO-2.6,-16.75,dehydration,c,8,[Si],,,,polarized FTIR E ,, a,Ferriss,in prep,86.2,bulk H,kiki,800,0.0001,,Ni-NiO-2.6,-16.75,dehydration,c,8,[Si],,,,polarized FTIR E ,, a,Ferriss,in prep,86.2,bulk H,kiki,800,0.0001,,Ni-NiO-2.6,-16.75,dehydration,c,8,[Si],,,,polarized FTIR E ,, a,Ferriss,in prep,86.2,bulk H,kiki,800,0.0001,,Ni-NiO-2.6,-16.75,dehydration,c,8,[Si],,,,polarized FTIR E ,, a,Ferriss,in prep,86.2,bulk H,kiki,800,0.0001,,Ni-NiO-2.6,-16.75,dehydration,c,8,[Si],,,,polarized FTIR E ,, a,Ferriss,in prep,86.2,bulk H,kiki,800,0.0001,,Ni-NiO-2.6,-16.75,dehydration,c,8,[Si],,,,polarized FTIR E ,, a,Ferriss,in prep,86.2,bulk H,kiki,800,0.0001,,Ni-NiO-2.6,-16.75,dehydration,c,8,[Si],,,,polarized FTIR E ,, a,Ferriss,in prep,86.2,bulk H,kiki,800,0.0001,,Ni-NiO-2.6,-16.75,dehydration,c,8,[Si],,,,polarized FTIR E ,, a,Ferriss,in prep,86.2,bulk H,kiki,800,0.0001,,Ni-NiO-2.6,-16.75,dehydration,c,8,[Si],,,,polarized FTIR E ,, a,Ferriss,in prep,86.2,bulk H,kiki,800,0.0001,,Ni-NiO-2.6,-16.75,dehydration,c,8,[Si],,,,polarized FTIR E ,, a,Ferriss,in prep,86.2,bulk H,kiki,800,0.0001,,Ni-NiO-2.6,-16.75,dehydration,c,8,[Si],,,,polarized FTIR E ,, a,Ferriss,in prep,86.2,bulk H,kiki,800,0.0001,,Ni-NiO-2.6,-16.75,dehydration,c,8,[Si],,,,polarized FTIR E ,, a,Ferriss,in prep,86.2,bulk H,kiki,800,0.0001,,Ni-NiO-2.6,-16.75,dehydration,c,8,[Si],,,,polarized FTIR E ,, a,Ferriss,in prep,86.2,bulk H,kiki,800,0.0001,,Ni-NiO-2.6,-16.75,dehydration,c,8,[Si],,,,polarized FTIR E ,, a,Ferriss,in prep,86.2,bulk H,kiki,800,0.0001,,Ni-NiO-2.6,-16.75,dehydration,c,8,[Si],,,,polarized FTIR E ,, a,Ferriss,in prep,86.2,bulk H,kiki,800,0.0001,,Ni-NiO-2.6,-16.75,dehydration,c,8,[Si],,,,polarized FTIR E ,, a,Ferriss,in prep,86.2,bulk H,kiki,800,0.0001,,Ni-NiO-2.6,-16.75,dehydration,c,8,[Si],,,,polarized FTIR E ,, a,Ferriss,in prep,86.2,bulk H,kiki,800,0.0001,,Ni-NiO-2.6,-16.75,dehydration,c,8,[Si],,,,polarized FTIR E ,, a,Ferriss,in prep,86.2,bulk H,kiki,800,0.0001,,Ni-NiO-2.6,-16.75,dehydration,c,8,[Si],,,,polarized FTIR E ,, a,Ferriss,in prep,86.2,bulk H,kiki,800,0.0001,,Ni-NiO-2.6,-16.75,dehydration,c,8,[Si],,,,polarized FTIR E ,, a,Ferriss,in prep,86.2,bulk H,kiki,800,0.0001,,Ni-NiO-2.6,-16.75,dehydration,c,8,[Si],,,,polarized FTIR E ,, a,Ferriss,in prep,86.2,bulk H,kiki,800,0.0001,,Ni-NiO-2.6,-16.75,dehydration,c,8,[Si],,,,polarized FTIR E ,, a,Ferriss,in prep,86.2,bulk H,kiki,800,0.0001,,Ni-NiO-2.6,-16.75,dehydration,c,8,[Si],,,,polarized FTIR E ,, a,Ferriss,in prep,86.2,bulk H,kiki,800,0.0001,,Ni-NiO-2.6,-16.75,dehydration,c,8,[Si],,,,polarized FTIR E ,, a,Ferriss,in prep,86.2,bulk H,kiki,800,0.0001,,Ni-NiO-2.6,-16.75,dehydration,c,8,[Si],,,,polarized FTIR E ,, a,Ferriss,in prep,86.2,bulk H,kiki,800,0.0001,,Ni-NiO-2.6,-16.75,dehydration,c,8,[Si],,,,polarized FTIR E ,, a,Ferriss,in prep,86.2,bulk H,kiki,800,0.0001,,Ni-NiO-2.6,-16.75,dehydration,c,8,[Si],,,,polarized FTIR E ,, a,Ferriss,in prep,86.2,bulk H,kiki,800,0.0001,,Ni-NiO-2.6,-16.75,dehydration,c,8,[Si],,,,polarized FTIR E ,, a,Ferriss,in prep,86.2,bulk H,kiki,800,0.0001,,Ni-NiO-2.6,-16.75,dehydration,c,8,[Si],,,,polarized FTIR E ,, a,Ferriss,in prep,86.2,bulk H,kiki,800,0.0001,,Ni-NiO-2.6,-16.75,dehydration,c,8,[Si],,,,polarized FTIR E ,, a,Ferriss,in prep,86.2,bulk H,kiki,800,0.0001,,Ni-NiO-2.6,-16.75,dehydration,c,8,[Si],,,,polarized FTIR E ,, a,Ferriss,in prep,86.2,bulk H,kiki,800,0.0001,,Ni-NiO-2.6,-16.75,dehydration,c,8,[Si],,,,polarized FTIR E ,, a,Ferriss,in prep,86.2,bulk H,kiki,800,0.0001,,Ni-NiO-2.6,-16.75,dehydration,c,8,[Si],,,,polarized FTIR E ,, a,Ferriss,in prep,86.2,bulk H,kiki,800,0.0001,,Ni-NiO-2.6,-16.75,dehydration,c,8,[Si],,,,polarized FTIR E ,, a,Ferriss,in prep,86.2,bulk H,kiki,800,0.0001,,Ni-NiO-2.6,-16.75,dehydration,c,8,[Si],,,,polarized FTIR E ,, a,Ferriss,in prep,86.2,bulk H,kiki,800,0.0001,,Ni-NiO-2.6,-16.75,dehydration,c,8,[Si],,,,polarized FTIR E ,, a,Ferriss,in prep,86.2,bulk H,kiki,800,0.0001,,Ni-NiO-2.6,-16.75,dehydration,c,8,[Si],,,,polarized FTIR E ,, a,Ferriss,in prep,86.2,bulk H,kiki,800,0.0001,,Ni-NiO-2.6,-16.75,dehydration,c,8,[Si],,,,polarized FTIR E ,, a,Ferriss,in prep,86.2,bulk H,kiki,800,0.0001,,Ni-NiO-2.6,-16.75,dehydration,c,8,[Si],,,,polarized FTIR E ,, a,Ferriss,in prep,86.2,bulk H,kiki,800,0.0001,,Ni-NiO-2.6,-16.75,dehydration,c,8,[Si],,,,polarized FTIR E ,, a,Ferriss,in prep,86.2,bulk H,kiki,800,0.0001,,Ni-NiO-2.6,-16.75,dehydration,c,8,[Si],,,,polarized FTIR E ,, a,Ferriss,in prep,86.2,bulk H,kiki,800,0.0001,,Ni-NiO-2.6,-16.75,dehydration,c,8,[Si],,,,polarized FTIR E ,, a,Ferriss,in prep,86.2,bulk H,kiki,800,0.0001,,Ni-NiO-2.6,-16.75,dehydration,c,8,[Si],,,,polarized FTIR E ,, a,Ferriss,in prep,86.2,bulk H,kiki,800,0.0001,,Ni-NiO-2.6,-16.75,dehydration,c,8,[Si],,,,polarized FTIR E ,, a,Ferriss,in prep,86.2,bulk H,kiki,800,0.0001,,Ni-NiO-2.6,-16.75,dehydration,c,8,[Si],,,,polarized FTIR E ,, a,Ferriss,in prep,86.2,bulk H,kiki,800,0.0001,,Ni-NiO-2.6,-16.75,dehydration,c,8,[Si],,,,polarized FTIR E ,, a,Ferriss,in prep,86.2,bulk H,kiki,800,0.0001,,Ni-NiO-2.6,-16.75,dehydration,c,8,[Si],,,,polarized FTIR E ,, a,Ferriss,in prep,86.2,bulk H,kiki
Ferriss,in prep,86.2,3356,1000,0.0001,Ni-NiO-2.6,-13.1,dehydration,kiki,a,3,[tri],-11.3,0.5,,no,polarized FTIR E ,,Ferriss,in prep,86.2,bulk H,kiki,1000,0.0001,,Ni-NiO-2.6,-13.1,dehydration,a,3,[Si],-10.7,88,no,polarized FTIR E ,, a,Ferriss,in prep,86.2,bulk H,kiki,1000,0.0001,,Ni-NiO-2.6,-13.1,dehydration,a,3,[Si],-10.7,88,no,polarized FTIR E ,, a,Ferriss,in prep,86.2,bulk H,kiki,1000,0.0001,,Ni-NiO-2.6,-13.1,dehydration,a,3,[Si],-10.7,88,no,polarized FTIR E ,, a,Ferriss,in prep,86.2,bulk H,kiki,1000,0.0001,,Ni-NiO-2.6,-13.1,dehydration,a,3,[Si],-10.7,88,no,polarized FTIR E ,, a,Ferriss,in prep,86.2,bulk H,kiki,1000,0.0001,,Ni-NiO-2.6,-13.1,dehydration,a,3,[Si],-10.7,88,no,polarized FTIR E ,, a,Ferriss,in prep,86.2,bulk H,kiki,1000,0.0001,,Ni-NiO-2.6,-13.1,dehydration,a,3,[Si],-10.7,88,no,polarized FTIR E ,, a,Ferriss,in prep,86.2,bulk H,kiki,1000,0.0001,,Ni-NiO-2.6,-13.1,dehydration,a,3,[Si],-10.7,88,no,polarized FTIR E ,, a,Ferriss,in prep,86.2,bulk H,kiki,1000,0.0001,,Ni-NiO-2.6,-13.1,dehydration,a,3,[Si],-10.7,88,no,polarized FTIR E ,, a,Ferriss,in prep,86.2,bulk H,kiki,1000,0.0001,,Ni-NiO-2.6,-13.1,dehydration,a,3,[Si],-10.7,88,no,polarized FTIR E ,, a,Ferriss,in prep,86.2,bulk H,kiki,1000,0.0001,,Ni-NiO-2.6,-13.1,dehydration,a,3,[Si],-10.7,88,no,polarized FTIR E ,, a,Ferriss,in prep,86.2,bulk H,kiki,1000,0.0001,,Ni-NiO-2.6,-13.1,dehydration,a,3,[Si],-10.7,88,no,polarized FTIR E ,, a,Ferriss,in prep,86.2,bulk H,kiki,1000,0.0001,,Ni-NiO-2.6,-13.1,dehydration,a,3,[Si],-10.7,88,no,polarized FTIR E ,, a,Ferriss,in prep,86.2,bulk H,kiki,1000,0.0001,,Ni-NiO-2.6,-13.1,dehydration,a,3,[Si],-10.7,88,no,polarized FTIR E ,, a,Ferriss,in prep,86.2,bulk H,kiki,1000,0.0001,,Ni-NiO-2.6,-13.1,dehydration,a,3,[Si],-10.7,88,no,polarized FTIR E ,, a,Ferriss,in prep,86.2,bulk H,kiki,1000,0.0001,,Ni-NiO-2.6,-13.1,dehydration,a,3,[Si],-10.7,88,no,polarized FTIR E ,, a,Ferriss,in prep,86.2,bulk H,kiki,1000,0.0001,,Ni-NiO-2.6,-13.1,dehydration,a,3,[Si],-10.7,88,no,polarized FTIR E ,, a,Ferriss,in prep,86.2,bulk H,kiki,1000,0.0001,,Ni-NiO-2.6,-13.1,dehydration,a,3,[Si],-10.7,88,no,polarized FTIR E ,, a,Ferriss,in prep,86.2,bulk H,kiki,1000,0.0001,,Ni-NiO-2.6,-13.1,dehydration,a,3,[Si],-10.7,88,no,polarized FTIR E ,, a,Ferriss,in prep,86.2,bulk H,kiki,1000,0.0001,,Ni-NiO-2.6,-13.1,dehydration,a,3,[Si],-10.7,88,no,polarized FTIR E ,, a,Ferriss,in prep,86.2,bulk H,kiki,1000,0.0001,,Ni-NiO-2.6,-13.1,dehydration,a,3,[Si],-10.7,88,no,polarized FTIR E ,, a,Ferriss,in prep,86.2,bulk H,kiki,1000,0.0001,,Ni-NiO-2.6,-13.1,dehydration,a,3,[Si],-10.7,88,no,polarized FTIR E ,, a,Ferriss,in prep,86.2,bulk H,kiki,1000,0.0001,,Ni-NiO-2.6,-13.1,dehydration,a,3,[Si],-10.7,88,no,polarized FTIR E ,, a,Ferriss,in prep,86.2,bulk H,kiki,1000,0.0001,,Ni-NiO-2.6,-13.1,dehydration,a,3,[Si],-10.7,88,no,polarized FTIR E ,, a,Ferriss,in prep,86.2,bulk H,kiki,1000,0.0001,,Ni-NiO-2.6,-13.1,dehydration,a,3,[Si],-10.7,88,no,polarized FTIR E ,, a,Ferriss,in prep,86.2,bulk H,kiki,1000,0.0001,,Ni-NiO-2.6,-13.1,dehydration,a,3,[Si],-10.7,88,no,polarized FTIR E ,, a,Ferriss,in prep,86.2,bulk H,kiki,1000,0.0001,,Ni-NiO-2.6,-13.1,dehydration,a,3,[Si],-10.7,88,no,polarized FTIR E ,, a,Ferriss,in prep,86.2,bulk H,kiki,1000,0.0001,,Ni-NiO-2.6,-13.1,dehydration,a,3,[Si],-10.7,88,no,polarized FTIR E ,, a,Ferriss,in prep,86.2,bulk H,kiki,1000,0.0001,,Ni-NiO-2.6,-13.1,dehydration,a,3,[Si],-10.7,88,no,polarized FTIR E ,, a,Ferriss,in prep,86.2,bulk H,kiki,1000,0.0001,,Ni-NiO-2.6,-13.1,dehydration,a,3,[Si],-10.7,88,no,polarized FTIR E ,, a,Ferriss,in prep,86.2,bulk H,kiki,1000,0.0001,,Ni-NiO-2.6,-13.1,dehydration,a,3,[Si],-10.7,88,no,polarized FTIR E ,, a,Ferriss,in prep,86.2,bulk H,kiki,1000,0.0001,,Ni-NiO-2.6,-13.1,dehydration,a,3,[Si],-10.7,88,no,polarized FTIR E ,, a,Ferriss,in prep,86.2,bulk H,kiki,1000,0.0001,,Ni-NiO-2.6,-13.1,dehydration,a,3,[Si],-10.7,88,no,polarized FTIR E ,, a,Ferriss,in prep,86.2,bulk H,kiki,1000,0.0001,,Ni-NiO-2.6,-13.1,dehydration,a,3,[Si],-10.7,88,no,polarized FTIR E ,, a,Ferriss,in prep,86.2,bulk H,kiki,1000,0.0001,,Ni-NiO-2.6,-13.1,dehydration,a,3,[Si],-10.7,88,no,polarized FTIR E ,, a,Ferriss,in prep,86.2,bulk H,kiki,1000,0.0001,,Ni-NiO-2.6,-13.1,dehydration,a,3,[Si],-10.7,88,no,polarized FTIR E ,, a,Ferriss,in prep,86.2,bulk H,kiki,1000,0.0001,,Ni-NiO-2.6,-13.1,dehydration,a,3,[Si],-10.7,88,no,polarized FTIR E ,, a,Ferriss,in prep,86.2,bulk H,kiki,1000,0.0001,,Ni-NiO-2.6,-13.1,dehydration,a,3,[Si],-10.7,88,no,polarized FTIR E ,, a,Ferriss,in prep,86.2,bulk H,kiki,1000,0.0001,,Ni-NiO-2.6,-13.1,dehydration,a,3,[Si],-10.7,88,no,polarized FTIR E ,, a,Ferriss,in prep,86.2,bulk H,kiki,1000,0.0001,,Ni-NiO-2.6,-13.1,dehydration,a,3,[Si],-10.7,88,no,polarized FTIR E ,, a,Ferriss,in prep,86.2,bulk H,kiki,1000,0.0001,,Ni-NiO-2.6,-13.1,dehydration,a,3,[Si],-10.7,88,no,polarized FTIR E ,, a,Ferriss,in prep,86.2,bulk H,kiki,1000,0.0001,,Ni-NiO-2.6,-13.1,dehydration,a,3,[Si],-10.7,88,no,polarized FTIR E ,, a,Ferriss,in prep,86.2,bulk H,kiki,1000,0.0001,,Ni-NiO-2.6,-13.1,dehydration,a,3,[Si],-10.7,88,no,polarized FTIR E ,, a,Ferriss,in prep,86.2,bulk H,kiki,1000,0.0001,,Ni-NiO-2.6,-13.1,dehydration,a,3,[Si],-10.7,88,no,polarized FTIR E ,, a,Ferriss,in prep,86.2,bulk H,kiki,1000,0.0001,,Ni-NiO-2.6,-13.1,dehydration,a,3,[Si],-10.7,88,no,polarized FTIR E ,, a,Ferriss,in prep,86.2,bulk H,kiki,1000,0.0001,,Ni-NiO-2.6,-13.1,dehydration,a,3,[Si],-10.7,88,no,polarized FTIR E ,, a,Ferriss,in prep,86.2,bulk H,kiki,1000,0.0001,,Ni-NiO-2.6,-13.1,dehydration,a,3,[Si],-10.7,88,no,polarized FTIR E ,, a,Ferriss,in prep,86.2,bulk H,kiki,1000,0.0001,,Ni-NiO-2.6,-13.1,dehydration,a,3,[Si],-10.7,88,no,polarized FTIR E ,, a,Ferriss,in prep,86.2,bulk H,kiki,1000,0.0001,,Ni-NiO-2.6,-13.1,dehydration,a,3,[Si],-10.7,88,no,polarized FTIR E ,, a,Ferriss,in prep,86.2,bulk H,kiki,1000,0.0001,,Ni-NiO-2.6,-13.1,dehydration,a,3,[Si],-10.7,88,no,polarized FTIR E ,, a,Ferriss,in prep,86.2,bulk H,kiki,1000,0.0001,,Ni-NiO-2.6,-13.1,dehydration,a,3,[Si],-10.7,88,no,polarized FTIR E ,, a,Ferriss,in prep,86.2,bulk H,kiki
Ferriss,in prep,86.2,3356,1000,0.0001,Ni-NiO-2.6,-13.1,dehydration,kiki,b,3,[tri],-12.3,0.5,,no,polarized FTIR E ,,Ferriss,in prep,86.2,bulk H,kiki,1000,0.0001,,Ni-NiO-2.6,-13.1,dehydration,b,3,[Si],-12,88,no,polarized FTIR E ,, a,Ferriss,in prep,86.2,bulk H,kiki,1000,0.0001,,Ni-NiO-2.6,-13.1,dehydration,b,3,[Si],-12,88,no,polarized FTIR E ,, a,Ferriss,in prep,86.2,bulk H,kiki,1000,0.0001,,Ni-NiO-2.6,-13.1,dehydration,b,3,[Si],-12,88,no,polarized FTIR E ,, a,Ferriss,in prep,86.2,bulk H,kiki,1000,0.0001,,Ni-NiO-2.6,-13.1,dehydration,b,3,[Si],-12,88,no,polarized FTIR E ,, a,Ferriss,in prep,86.2,bulk H,kiki,1000,0.0001,,Ni-NiO-2.6,-13.1,dehydration,b,3,[Si],-12,88,no,polarized FTIR E ,, a,Ferriss,in prep,86.2,bulk H,kiki,1000,0.0001,,Ni-NiO-2.6,-13.1,dehydration,b,3,[Si],-12,88,no,polarized FTIR E ,, a,Ferriss,in prep,86.2,bulk H,kiki,1000,0.0001,,Ni-NiO-2.6,-13.1,dehydration,b,3,[Si],-12,88,no,polarized FTIR E ,, a,Ferriss,in prep,86.2,bulk H,kiki,1000,0.0001,,Ni-NiO-2.6,-13.1,dehydration,b,3,[Si],-12,88,no,polarized FTIR E ,, a,Ferriss,in prep,86.2,bulk H,kiki,1000,0.0001,,Ni-NiO-2.6,-13.1,dehydration,b,3,[Si],-12,88,no,polarized FTIR E ,, a,Ferriss,in prep,86.2,bulk H,kiki,1000,0.0001,,Ni-NiO-2.6,-13.1,dehydration,b,3,[Si],-12,88,no,polarized FTIR E ,, a,Ferriss,in prep,86.2,bulk H,kiki,1000,0.0001,,Ni-NiO-2.6,-13.1,dehydration,b,3,[Si],-12,88,no,polarized FTIR E ,, a,Ferriss,in prep,86.2,bulk H,kiki,1000,0.0001,,Ni-NiO-2.6,-13.1,dehydration,b,3,[Si],-12,88,no,polarized FTIR E ,, a,Ferriss,in prep,86.2,bulk H,kiki,1000,0.0001,,Ni-NiO-2.6,-13.1,dehydration,b,3,[Si],-12,88,no,polarized FTIR E ,, a,Ferriss,in prep,86.2,bulk H,kiki,1000,0.0001,,Ni-NiO-2.6,-13.1,dehydration,b,3,[Si],-12,88,no,polarized FTIR E ,, a,Ferriss,in prep,86.2,bulk H,kiki,1000,0.0001,,Ni-NiO-2.6,-13.1,dehydration,b,3,[Si],-12,88,no,polarized FTIR E ,, a,Ferriss,in prep,86.2,bulk H,kiki,1000,0.0001,,Ni-NiO-2.6,-13.1,dehydration,b,3,[Si],-12,88,no,polarized FTIR E ,, a,Ferriss,in prep,86.2,bulk H,kiki,1000,0.0001,,Ni-NiO-2.6,-13.1,dehydration,b,3,[Si],-12,88,no,polarized FTIR E ,, a,Ferriss,in prep,86.2,bulk H,kiki,1000,0.0001,,Ni-NiO-2.6,-13.1,dehydration,b,3,[Si],-12,88,no,polarized FTIR E ,, a,Ferriss,in prep,86.2,bulk H,kiki,1000,0.0001,,Ni-NiO-2.6,-13.1,dehydration,b,3,[Si],-12,88,no,polarized FTIR E ,, a,Ferriss,in prep,86.2,bulk H,kiki,1000,0.0001,,Ni-NiO-2.6,-13.1,dehydration,b,3,[Si],-12,88,no,polarized FTIR E ,, a,Ferriss,in prep,86.2,bulk H,kiki,1000,0.0001,,Ni-NiO-2.6,-13.1,dehydration,b,3,[Si],-12,88,no,polarized FTIR E ,, a,Ferriss,in prep,86.2,bulk H,kiki,1000,0.0001,,Ni-NiO-2.6,-13.1,dehydration,b,3,[Si],-12,88,no,polarized FTIR E ,, a,Ferriss,in prep,86.2,bulk H,kiki,1000,0.0001,,Ni-NiO-2.6,-13.1,dehydration,b,3,[Si],-12,88,no,polarized FTIR E ,, a,Ferriss,in prep,86.2,bulk H,kiki,1000,0.0001,,Ni-NiO-2.6,-13.1,dehydration,b,3,[Si],-12,88,no,polarized FTIR E ,, a,Ferriss,in prep,86.2,bulk H,kiki,1000,0.0001,,Ni-NiO-2.6,-13.1,dehydration,b,3,[Si],-12,88,no,polarized FTIR E ,, a,Ferriss,in prep,86.2,bulk H,kiki,1000,0.0001,,Ni-NiO-2.6,-13.1,dehydration,b,3,[Si],-12,88,no,polarized FTIR E ,, a,Ferriss,in prep,86.2,bulk H,kiki,1000,0.0001,,Ni-NiO-2.6,-13.1,dehydration,b,3,[Si],-12,88,no,polarized FTIR E ,, a,Ferriss,in prep,86.2,bulk H,kiki,1000,0.0001,,Ni-NiO-2.6,-13.1,dehydration,b,3,[Si],-12,88,no,polarized FTIR E ,, a,Ferriss,in prep,86.2,bulk H,kiki,1000,0.0001,,Ni-NiO-2.6,-13.1,dehydration,b,3,[Si],-12,88,no,polarized FTIR E ,, a,Ferriss,in prep,86.2,bulk H,kiki,1000,0.0001,,Ni-NiO-2.6,-13.1,dehydration,b,3,[Si],-12,88,no,polarized FTIR E ,, a,Ferriss,in prep,86.2,bulk H,kiki,1000,0.0001,,Ni-NiO-2.6,-13.1,dehydration,b,3,[Si],-12,88,no,polarized FTIR E ,, a,Ferriss,in prep,86.2,bulk H,kiki,1000,0.0001,,Ni-NiO-2.6,-13.1,dehydration,b,3,[Si],-12,88,no,polarized FTIR E ,, a,Ferriss,in prep,86.2,bulk H,kiki,1000,0.0001,,Ni-NiO-2.6,-13.1,dehydration,b,3,[Si],-12,88,no,polarized FTIR E ,, a,Ferriss,in prep,86.2,bulk H,kiki,1000,0.0001,,Ni-NiO-2.6,-13.1,dehydration,b,3,[Si],-12,88,no,polarized FTIR E ,, a,Ferriss,in prep,86.2,bulk H,kiki,1000,0.0001,,Ni-NiO-2.6,-13.1,dehydration,b,3,[Si],-12,88,no,polarized FTIR E ,, a,Ferriss,in prep,86.2,bulk H,kiki,1000,0.0001,,Ni-NiO-2.6,-13.1,dehydration,b,3,[Si],-12,88,no,polarized FTIR E ,, a,Ferriss,in prep,86.2,bulk H,kiki,1000,0.0001,,Ni-NiO-2.6,-13.1,dehydration,b,3,[Si],-12,88,no,polarized FTIR E ,, a,Ferriss,in prep,86.2,bulk H,kiki,1000,0.0001,,Ni-NiO-2.6,-13.1,dehydration,b,3,[Si],-12,88,no,polarized FTIR E ,, a,Ferriss,in prep,86.2,bulk H,kiki,1000,0.0001,,Ni-NiO-2.6,-13.1,dehydration,b,3,[Si],-12,88,no,polarized FTIR E ,, a,Ferriss,in prep,86.2,bulk H,kiki,1000,0.0001,,Ni-NiO-2.6,-13.1,dehydration,b,3,[Si],-12,88,no,polarized FTIR E ,, a,Ferriss,in prep,86.2,bulk H,kiki,1000,0.0001,,Ni-NiO-2.6,-13.1,dehydration,b,3,[Si],-12,88,no,polarized FTIR E ,, a,Ferriss,in prep,86.2,bulk H,kiki,1000,0.0001,,Ni-NiO-2.6,-13.1,dehydration,b,3,[Si],-12,88,no,polarized FTIR E ,, a,Ferriss,in prep,86.2,bulk H,kiki,1000,0.0001,,Ni-NiO-2.6,-13.1,dehydration,b,3,[Si],-12,88,no,polarized FTIR E ,, a,Ferriss,in prep,86.2,bulk H,kiki,1000,0.0001,,Ni-NiO-2.6,-13.1,dehydration,b,3,[Si],-12,88,no,polarized FTIR E ,, a,Ferriss,in prep,86.2,bulk H,kiki,1000,0.0001,,Ni-NiO-2.6,-13.1,dehydration,b,3,[Si],-12,88,no,polarized FTIR E ,, a,Ferriss,in prep,86.2,bulk H,kiki,1000,0.0001,,Ni-NiO-2.6,-13.1,dehydration,b,3,[Si],-12,88,no,polarized FTIR E ,, a,Ferriss,in prep,86.2,bulk H,kiki,1000,0.0001,,Ni-NiO-2.6,-13.1,dehydration,b,3,[Si],-12,88,no,polarized FTIR E ,, a,Ferriss,in prep,86.2,bulk H,kiki,1000,0.0001,,Ni-NiO-2.6,-13.1,dehydration,b,3,[Si],-12,88,no,polarized FTIR E ,, a,Ferriss,in prep,86.2,bulk H,kiki,1000,0.0001,,Ni-NiO-2.6,-13.1,dehydration,b,3,[Si],-12,88,no,polarized FTIR E ,, a,Ferriss,in prep,86.2,bulk H,kiki,1000,0.0001,,Ni-NiO-2.6,-13.1,dehydration,b,3,[Si],-12,88,no,polarized FTIR E ,, a,Ferriss,in prep,86.2,bulk H,kiki
Ferriss,in prep,86.2,3356,1000,0.0001,Ni-NiO-2.6,-13.1,dehydration,kiki,c,3,[tri],-11.2,0.5,,no,polarized FTIR E ,,Ferriss,in prep,86.2,bulk H,kiki,1000,0.0001,,Ni-NiO-2.6,-13.1,dehydration,c,3,[Si],-11.9,88,no,polarized FTIR E ,, a,Ferriss,in prep,86.2,bulk H,kiki,1000,0.0001,,Ni-NiO-2.6,-13.1,dehydration,c,3,[Si],-11.9,88,no,polarized FTIR E ,, a,Ferriss,in prep,86.2,bulk H,kiki,1000,0.0001,,Ni-NiO-2.6,-13.1,dehydration,c,3,[Si],-11.9,88,no,polarized FTIR E ,, a,Ferriss,in prep,86.2,bulk H,kiki,1000,0.0001,,Ni-NiO-2.6,-13.1,dehydration,c,3,[Si],-11.9,88,no,polarized FTIR E ,, a,Ferriss,in prep,86.2,bulk H,kiki,1000,0.0001,,Ni-NiO-2.6,-13.1,dehydration,c,3,[Si],-11.9,88,no,polarized FTIR E ,, a,Ferriss,in prep,86.2,bulk H,kiki,1000,0.0001,,Ni-NiO-2.6,-13.1,dehydration,c,3,[Si],-11.9,88,no,polarized FTIR E ,, a,Ferriss,in prep,86.2,bulk H,kiki,1000,0.0001,,Ni-NiO-2.6,-13.1,dehydration,c,3,[Si],-11.9,88,no,polarized FTIR E ,, a,Ferriss,in prep,86.2,bulk H,kiki,1000,0.0001,,Ni-NiO-2.6,-13.1,dehydration,c,3,[Si],-11.9,88,no,polarized FTIR E ,, a,Ferriss,in prep,86.2,bulk H,kiki,1000,0.0001,,Ni-NiO-2.6,-13.1,dehydration,c,3,[Si],-11.9,88,no,polarized FTIR E ,, a,Ferriss,in prep,86.2,bulk H,kiki,1000,0.0001,,Ni-NiO-2.6,-13.1,dehydration,c,3,[Si],-11.9,88,no,polarized FTIR E ,, a,Ferriss,in prep,86.2,bulk H,kiki,1000,0.0001,,Ni-NiO-2.6,-13.1,dehydration,c,3,[Si],-11.9,88,no,polarized FTIR E ,, a,Ferriss,in prep,86.2,bulk H,kiki,1000,0.0001,,Ni-NiO-2.6,-13.1,dehydration,c,3,[Si],-11.9,88,no,polarized FTIR E ,, a,Ferriss,in prep,86.2,bulk H,kiki,1000,0.0001,,Ni-NiO-2.6,-13.1,dehydration,c,3,[Si],-11.9,88,no,polarized FTIR E ,, a,Ferriss,in prep,86.2,bulk H,kiki,1000,0.0001,,Ni-NiO-2.6,-13.1,dehydration,c,3,[Si],-11.9,88,no,polarized FTIR E ,, a,Ferriss,in prep,86.2,bulk H,kiki,1000,0.0001,,Ni-NiO-2.6,-13.1,dehydration,c,3,[Si],-11.9,88,no,polarized FTIR E ,, a,Ferriss,in prep,86.2,bulk H,kiki,1000,0.0001,,Ni-NiO-2.6,-13.1,dehydration,c,3,[Si],-11.9,88,no,polarized FTIR E ,, a,Ferriss,in prep,86.2,bulk H,kiki,1000,0.0001,,Ni-NiO-2.6,-13.1,dehydration,c,3,[Si],-11.9,88,no,polarized FTIR E ,, a,Ferriss,in prep,86.2,bulk H,kiki,1000,0.0001,,Ni-NiO-2.6,-13.1,dehydration,c,3,[Si],-11.9,88,no,polarized FTIR E ,, a,Ferriss,in prep,86.2,bulk H,kiki,1000,0.0001,,Ni-NiO-2.6,-13.1,dehydration,c,3,[Si],-11.9,88,no,polarized FTIR E ,, a,Ferriss,in prep,86.2,bulk H,kiki,1000,0.0001,,Ni-NiO-2.6,-13.1,dehydration,c,3,[Si],-11.9,88,no,polarized FTIR E ,, a,Ferriss,in prep,86.2,bulk H,kiki,1000,0.0001,,Ni-NiO-2.6,-13.1,dehydration,c,3,[Si],-11.9,88,no,polarized FTIR E ,, a,Ferriss,in prep,86.2,bulk H,kiki,1000,0.0001,,Ni-NiO-2.6,-13.1,dehydration,c,3,[Si],-11.9,88,no,polarized FTIR E ,, a,Ferriss,in prep,86.2,bulk H,kiki,1000,0.0001,,Ni-NiO-2.6,-13.1,dehydration,c,3,[Si],-11.9,88,no,polarized FTIR E ,, a,Ferriss,in prep,86.2,bulk H,kiki,1000,0.0001,,Ni-NiO-2.6,-13.1,dehydration,c,3,[Si],-11.9,88,no,polarized FTIR E ,, a,Ferriss,in prep,86.2,bulk H,kiki,1000,0.0001,,Ni-NiO-2.6,-13.1,dehydration,c,3,[Si],-11.9,88,no,polarized FTIR E ,, a,Ferriss,in prep,86.2,bulk H,kiki,1000,0.0001,,Ni-NiO-2.6,-13.1,dehydration,c,3,[Si],-11.9,88,no,polarized FTIR E ,, a,Ferriss,in prep,86.2,bulk H,kiki,1000,0.0001,,Ni-NiO-2.6,-13.1,dehydration,c,3,[Si],-11.9,88,no,polarized FTIR E ,, a,Ferriss,in prep,86.2,bulk H,kiki,1000,0.0001,,Ni-NiO-2.6,-13.1,dehydration,c,3,[Si],-11.9,88,no,polarized FTIR E ,, a,Ferriss,in prep,86.2,bulk H,kiki,1000,0.0001,,Ni-NiO-2.6,-13.1,dehydration,c,3,[Si],-11.9,88,no,polarized FTIR E ,, a,Ferriss,in prep,86.2,bulk H,kiki,1000,0.0001,,Ni-NiO-2.6,-13.1,dehydration,c,3,[Si],-11.9,88,no,polarized FTIR E ,, a,Ferriss,in prep,86.2,bulk H,kiki,1000,0.0001,,Ni-NiO-2.6,-13.1,dehydration,c,3,[Si],-11.9,88,no,polarized FTIR E ,, a,Ferriss,in prep,86.2,bulk H,kiki,1000,0.0001,,Ni-NiO-2.6,-13.1,dehydration,c,3,[Si],-11.9,88,no,polarized FTIR E ,, a,Ferriss,in prep,86.2,bulk H,kiki,1000,0.0001,,Ni-NiO-2.6,-13.1,dehydration,c,3,[Si],-11.9,88,no,polarized FTIR E ,, a,Ferriss,in prep,86.2,bulk H,kiki,1000,0.0001,,Ni-NiO-2.6,-13.1,dehydration,c,3,[Si],-11.9,88,no,polarized FTIR E ,, a,Ferriss,in prep,86.2,bulk H,kiki,1000,0.0001,,Ni-NiO-2.6,-13.1,dehydration,c,3,[Si],-11.9,88,no,polarized FTIR E ,, a,Ferriss,in prep,86.2,bulk H,kiki,1000,0.0001,,Ni-NiO-2.6,-13.1,dehydration,c,3,[Si],-11.9,88,no,polarized FTIR E ,, a,Ferriss,in prep,86.2,bulk H,kiki,1000,0.0001,,Ni-NiO-2.6,-13.1,dehydration,c,3,[Si],-11.9,88,no,polarized FTIR E ,, a,Ferriss,in prep,86.2,bulk H,kiki,1000,0.0001,,Ni-NiO-2.6,-13.1,dehydration,c,3,[Si],-11.9,88,no,polarized FTIR E ,, a,Ferriss,in prep,86.2,bulk H,kiki,1000,0.0001,,Ni-NiO-2.6,-13.1,dehydration,c,3,[Si],-11.9,88,no,polarized FTIR E ,, a,Ferriss,in prep,86.2,bulk H,kiki,1000,0.0001,,Ni-NiO-2.6,-13.1,dehydration,c,3,[Si],-11.9,88,no,polarized FTIR E ,, a,Ferriss,in prep,86.2,bulk H,kiki,1000,0.0001,,Ni-NiO-2.6,-13.1,dehydration,c,3,[Si],-11.9,88,no,polarized FTIR E ,, a,Ferriss,in prep,86.2,bulk H,kiki,1000,0.0001,,Ni-NiO-2.6,-13.1,dehydration,c,3,[Si],-11.9,88,no,polarized FTIR E ,, a,Ferriss,in prep,86.2,bulk H,kiki,1000,0.0001,,Ni-NiO-2.6,-13.1,dehydration,c,3,[Si],-11.9,88,no,polarized FTIR E ,, a,Ferriss,in prep,86.2,bulk H,kiki,1000,0.0001,,Ni-NiO-2.6,-13.1,dehydration,c,3,[Si],-11.9,88,no,polarized FTIR E ,, a,Ferriss,in prep,86.2,bulk H,kiki,1000,0.0001,,Ni-NiO-2.6,-13.1,dehydration,c,3,[Si],-11.9,88,no,polarized FTIR E ,, a,Ferriss,in prep,86.2,bulk H,kiki,1000,0.0001,,Ni-NiO-2.6,-13.1,dehydration,c,3,[Si],-11.9,88,no,polarized FTIR E ,, a,Ferriss,in prep,86.2,bulk H,kiki,1000,0.0001,,Ni-NiO-2.6,-13.1,dehydration,c,3,[Si],-11.9,88,no,polarized FTIR E ,, a,Ferriss,in prep,86.2,bulk H,kiki,1000,0.0001,,Ni-NiO-2.6,-13.1,dehydration,c,3,[Si],-11.9,88,no,polarized FTIR E ,, a,Ferriss,in prep,86.2,bulk H,kiki,1000,0.0001,,Ni-NiO-2.6,-13.1,dehydration,c,3,[Si],-11.9,88,no,polarized FTIR E ,, a,Ferriss,in prep,86.2,bulk H,kiki,1000,0.0001,,Ni-NiO-2.6,-13.1,dehydration,c,3,[Si],-11.9,88,no,polarized FTIR E ,, a,Ferriss,in prep,86.2,bulk H,kiki
Ferriss,in prep,86.2,3356,1000,0.0001,Ni-NiO-2.6,-13.1,dehydration,kiki,a,6,[tri],-11.8,0.6,,no,polarized FTIR E ,,Ferriss,in prep,86.2,bulk H,kiki,1000,0.0001,,Ni-NiO-2.6,-13.1,dehydration,a,6,[Si],-10.7,88,no,polarized FTIR E ,, a,Ferriss,in prep,86.2,bulk H,kiki,1000,0.0001,,Ni-NiO-2.6,-13.1,dehydration,a,6,[Si],-10.7,88,no,polarized FTIR E ,, a,Ferriss,in prep,86.2,bulk H,kiki,1000,0.0001,,Ni-NiO-2.6,-13.1,dehydration,a,6,[Si],-10.7,88,no,polarized FTIR E ,, a,Ferriss,in prep,86.2,bulk H,kiki,1000,0.0001,,Ni-NiO-2.6,-13.1,dehydration,a,6,[Si],-10.7,88,no,polarized FTIR E ,, a,Ferriss,in prep,86.2,bulk H,kiki,1000,0.0001,,Ni-NiO-2.6,-13.1,dehydration,a,6,[Si],-10.7,88,no,polarized FTIR E ,, a,Ferriss,in prep,86.2,bulk H,kiki,1000,0.0001,,Ni-NiO-2.6,-13.1,dehydration,a,6,[Si],-10.7,88,no,polarized FTIR E ,, a,Ferriss,in prep,86.2,bulk H,kiki,1000,0.0001,,Ni-NiO-2.6,-13.1,dehydration,a,6,[Si],-10.7,88,no,polarized FTIR E ,, a,Ferriss,in prep,86.2,bulk H,kiki,1000,0.0001,,Ni-NiO-2.6,-13.1,dehydration,a,6,[Si],-10.7,88,no,polarized FTIR E ,, a,Ferriss,in prep,86.2,bulk H,kiki,1000,0.0001,,Ni-NiO-2.6,-13.1,dehydration,a,6,[Si],-10.7,88,no,polarized FTIR E ,, a,Ferriss,in prep,86.2,bulk H,kiki,1000,0.0001,,Ni-NiO-2.6,-13.1,dehydration,a,6,[Si],-10.7,88,no,polarized FTIR E ,, a,Ferriss,in prep,86.2,bulk H,kiki,1000,0.0001,,Ni-NiO-2.6,-13.1,dehydration,a,6,[Si],-10.7,88,no,polarized FTIR E ,, a,Ferriss,in prep,86.2,bulk H,kiki,1000,0.0001,,Ni-NiO-2.6,-13.1,dehydration,a,6,[Si],-10.7,88,no,polarized FTIR E ,, a,Ferriss,in prep,86.2,bulk H,kiki,1000,0.0001,,Ni-NiO-2.6,-13.1,dehydration,a,6,[Si],-10.7,88,no,polarized FTIR E ,, a,Ferriss,in prep,86.2,bulk H,kiki,1000,0.0001,,Ni-NiO-2.6,-13.1,dehydration,a,6,[Si],-10.7,88,no,polarized FTIR E ,, a,Ferriss,in prep,86.2,bulk H,kiki,1000,0.0001,,Ni-NiO-2.6,-13.1,dehydration,a,6,[Si],-10.7,88,no,polarized FTIR E ,, a,Ferriss,in prep,86.2,bulk H,kiki,1000,0.0001,,Ni-NiO-2.6,-13.1,dehydration,a,6,[Si],-10.7,88,no,polarized FTIR E ,, a,Ferriss,in prep,86.2,bulk H,kiki,1000,0.0001,,Ni-NiO-2.6,-13.1,dehydration,a,6,[Si],-10.7,88,no,polarized FTIR E ,, a,Ferriss,in prep,86.2,bulk H,kiki,1000,0.0001,,Ni-NiO-2.6,-13.1,dehydration,a,6,[Si],-10.7,88,no,polarized FTIR E ,, a,Ferriss,in prep,86.2,bulk H,kiki,1000,0.0001,,Ni-NiO-2.6,-13.1,dehydration,a,6,[Si],-10.7,88,no,polarized FTIR E ,, a,Ferriss,in prep,86.2,bulk H,kiki,1000,0.0001,,Ni-NiO-2.6,-13.1,dehydration,a,6,[Si],-10.7,88,no,polarized FTIR E ,, a,Ferriss,in prep,86.2,bulk H,kiki,1000,0.0001,,Ni-NiO-2.6,-13.1,dehydration,a,6,[Si],-10.7,88,no,polarized FTIR E ,, a,Ferriss,in prep,86.2,bulk H,kiki,1000,0.0001,,Ni-NiO-2.6,-13.1,dehydration,a,6,[Si],-10.7,88,no,polarized FTIR E ,, a,Ferriss,in prep,86.2,bulk H,kiki,1000,0.0001,,Ni-NiO-2.6,-13.1,dehydration,a,6,[Si],-10.7,88,no,polarized FTIR E ,, a,Ferriss,in prep,86.2,bulk H,kiki,1000,0.0001,,Ni-NiO-2.6,-13.1,dehydration,a,6,[Si],-10.7,88,no,polarized FTIR E ,, a,Ferriss,in prep,86.2,bulk H,kiki,1000,0.0001,,Ni-NiO-2.6,-13.1,dehydration,a,6,[Si],-10.7,88,no,polarized FTIR E ,, a,Ferriss,in prep,86.2,bulk H,kiki,1000,0.0001,,Ni-NiO-2.6,-13.1,dehydration,a,6,[Si],-10.7,88,no,polarized FTIR E ,, a,Ferriss,in prep,86.2,bulk H,kiki,1000,0.0001,,Ni-NiO-2.6,-13.1,dehydration,a,6,[Si],-10.7,88,no,polarized FTIR E ,, a,Ferriss,in prep,86.2,bulk H,kiki,1000,0.0001,,Ni-NiO-2.6,-13.1,dehydration,a,6,[Si],-10.7,88,no,polarized FTIR E ,, a,Ferriss,in prep,86.2,bulk H,kiki,1000,0.0001,,Ni-NiO-2.6,-13.1,dehydration,a,6,[Si],-10.7,88,no,polarized FTIR E ,, a,Ferriss,in prep,86.2,bulk H,kiki,1000,0.0001,,Ni-NiO-2.6,-13.1,dehydration,a,6,[Si],-10.7,88,no,polarized FTIR E ,, a,Ferriss,in prep,86.2,bulk H,kiki,1000,0.0001,,Ni-NiO-2.6,-13.1,dehydration,a,6,[Si],-10.7,88,no,polarized FTIR E ,, a,Ferriss,in prep,86.2,bulk H,kiki,1000,0.0001,,Ni-NiO-2.6,-13.1,dehydration,a,6,[Si],-10.7,88,no,polarized FTIR E ,, a,Ferriss,in prep,86.2,bulk H,kiki,1000,0.0001,,Ni-NiO-2.6,-13.1,dehydration,a,6,[Si],-10.7,88,no,polarized FTIR E ,, a,Ferriss,in prep,86.2,bulk H,kiki,1000,0.0001,,Ni-NiO-2.6,-13.1,dehydration,a,6,[Si],-10.7,88,no,polarized FTIR E ,, a,Ferriss,in prep,86.2,bulk H,kiki,1000,0.0001,,Ni-NiO-2.6,-13.1,dehydration,a,6,[Si],-10.7,88,no,polarized FTIR E ,, a,Ferriss,in prep,86.2,bulk H,kiki,1000,0.0001,,Ni-NiO-2.6,-13.1,dehydration,a,6,[Si],-10.7,88,no,polarized FTIR E ,, a,Ferriss,in prep,86.2,bulk H,kiki,1000,0.0001,,Ni-NiO-2.6,-13.1,dehydration,a,6,[Si],-10.7,88,no,polarized FTIR E ,, a,Ferriss,in prep,86.2,bulk H,kiki,1000,0.0001,,Ni-NiO-2.6,-13.1,dehydration,a,6,[Si],-10.7,88,no,polarized FTIR E ,, a,Ferriss,in prep,86.2,bulk H,kiki,1000,0.0001,,Ni-NiO-2.6,-13.1,dehydration,a,6,[Si],-10.7,88,no,polarized FTIR E ,, a,Ferriss,in prep,86.2,bulk H,kiki,1000,0.0001,,Ni-NiO-2.6,-13.1,dehydration,a,6,[Si],-10.7,88,no,polarized FTIR E ,, a,Ferriss,in prep,86.2,bulk H,kiki,1000,0.0001,,Ni-NiO-2.6,-13.1,dehydration,a,6,[Si],-10.7,88,no,polarized FTIR E ,, a,Ferriss,in prep,86.2,bulk H,kiki,1000,0.0001,,Ni-NiO-2.6,-13.1,dehydration,a,6,[Si],-10.7,88,no,polarized FTIR E ,, a,Ferriss,in prep,86.2,bulk H,kiki,1000,0.0001,,Ni-NiO-2.6,-13.1,dehydration,a,6,[Si],-10.7,88,no,polarized FTIR E ,, a,Ferriss,in prep,86.2,bulk H,kiki,1000,0.0001,,Ni-NiO-2.6,-13.1,dehydration,a,6,[Si],-10.7,88,no,polarized FTIR E ,, a,Ferriss,in prep,86.2,bulk H,kiki,1000,0.0001,,Ni-NiO-2.6,-13.1,dehydration,a,6,[Si],-10.7,88,no,polarized FTIR E ,, a,Ferriss,in prep,86.2,bulk H,kiki,1000,0.0001,,Ni-NiO-2.6,-13.1,dehydration,a,6,[Si],-10.7,88,no,polarized FTIR E ,, a,Ferriss,in prep,86.2,bulk H,kiki,1000,0.0001,,Ni-NiO-2.6,-13.1,dehydration,a,6,[Si],-10.7,88,no,polarized FTIR E ,, a,Ferriss,in prep,86.2,bulk H,kiki,1000,0.0001,,Ni-NiO-2.6,-13.1,dehydration,a,6,[Si],-10.7,88,no,polarized FTIR E ,, a,Ferriss,in prep,86.2,bulk H,kiki,1000,0.0001,,Ni-NiO-2.6,-13.1,dehydration,a,6,[Si],-10.7,88,no,polarized FTIR E ,, a,Ferriss,in prep,86.2,bulk H,kiki,1000,0.0001,,Ni-NiO-2.6,-13.1,dehydration,a,6,[Si],-10.7,88,no,polarized FTIR E ,, a,Ferriss,in prep,86.2,bulk H,kiki
Ferriss,in prep,86.2,3356,1000,0.0001,Ni-NiO-2.6,-13.1,dehydration,kiki,b,6,[tri],-12,0.6,,no,polarized FTIR E ,,Ferriss,in prep,86.2,bulk H,kiki,1000,0.0001,,Ni-NiO-2.6,-13.1,dehydration,b,6,[Si],-12,88,no,polarized FTIR E ,, a,Ferriss,in prep,86.2,bulk H,kiki,1000,0.0001,,Ni-NiO-2.6,-13.1,dehydration,b,6,[Si],-12,88,no,polarized FTIR E ,, a,Ferriss,in prep,86.2,bulk H,kiki,1000,0.0001,,Ni-NiO-2.6,-13.1,dehydration,b,6,[Si],-12,88,no,polarized FTIR E ,, a,Ferriss,in prep,86.2,bulk H,kiki,1000,0.0001,,Ni-NiO-2.6,-13.1,dehydration,b,6,[Si],-12,88,no,polarized FTIR E ,, a,Ferriss,in prep,86.2,bulk H,kiki,1000,0.0001,,Ni-NiO-2.6,-13.1,dehydration,b,6,[Si],-12,88,no,polarized FTIR E ,, a,Ferriss,in prep,86.2,bulk H,kiki,1000,0.0001,,Ni-NiO-2.6,-13.1,dehydration,b,6,[Si],-12,88,no,polarized FTIR E ,, a,Ferriss,in prep,86.2,bulk H,kiki,1000,0.0001,,Ni-NiO-2.6,-13.1,dehydration,b,6,[Si],-12,88,no,polarized FTIR E ,, a,Ferriss,in prep,86.2,bulk H,kiki,1000,0.0001,,Ni-NiO-2.6,-13.1,dehydration,b,6,[Si],-12,88,no,polarized FTIR E ,, a,Ferriss,in prep,86.2,bulk H,kiki,1000,0.0001,,Ni-NiO-2.6,-13.1,dehydration,b,6,[Si],-12,88,no,polarized FTIR E ,, a,Ferriss,in prep,86.2,bulk H,kiki,1000,0.0001,,Ni-NiO-2.6,-13.1,dehydration,b,6,[Si],-12,88,no,polarized FTIR E ,, a,Ferriss,in prep,86.2,bulk H,kiki,1000,0.0001,,Ni-NiO-2.6,-13.1,dehydration,b,6,[Si],-12,88,no,polarized FTIR E ,, a,Ferriss,in prep,86.2,bulk H,kiki,1000,0.0001,,Ni-NiO-2.6,-13.1,dehydration,b,6,[Si],-12,88,no,polarized FTIR E ,, a,Ferriss,in prep,86.2,bulk H,kiki,1000,0.0001,,Ni-NiO-2.6,-13.1,dehydration,b,6,[Si],-12,88,no,polarized FTIR E ,, a,Ferriss,in prep,86.2,bulk H,kiki,1000,0.0001,,Ni-NiO-2.6,-13.1,dehydration,b,6,[Si],-12,88,no,polarized FTIR E ,, a,Ferriss,in prep,86.2,bulk H,kiki,1000,0.0001,,Ni-NiO-2.6,-13.1,dehydration,b,6,[Si],-12,88,no,polarized FTIR E ,, a,Ferriss,in prep,86.2,bulk H,kiki,1000,0.0001,,Ni-NiO-2.6,-13.1,dehydration,b,6,[Si],-12,88,no,polarized FTIR E ,, a,Ferriss,in prep,86.2,bulk H,kiki,1000,0.0001,,Ni-NiO-2.6,-13.1,dehydration,b,6,[Si],-12,88,no,polarized FTIR E ,, a,Ferriss,in prep,86.2,bulk H,kiki,1000,0.0001,,Ni-NiO-2.6,-13.1,dehydration,b,6,[Si],-12,88,no,polarized FTIR E ,, a,Ferriss,in prep,86.2,bulk H,kiki,1000,0.0001,,Ni-NiO-2.6,-13.1,dehydration,b,6,[Si],-12,88,no,polarized FTIR E ,, a,Ferriss,in prep,86.2,bulk H,kiki,1000,0.0001,,Ni-NiO-2.6,-13.1,dehydration,b,6,[Si],-12,88,no,polarized FTIR E ,, a,Ferriss,in prep,86.2,bulk H,kiki,1000,0.0001,,Ni-NiO-2.6,-13.1,dehydration,b,6,[Si],-12,88,no,polarized FTIR E ,, a,Ferriss,in prep,86.2,bulk H,kiki,1000,0.0001,,Ni-NiO-2.6,-13.1,dehydration,b,6,[Si],-12,88,no,polarized FTIR E ,, a,Ferriss,in prep,86.2,bulk H,kiki,1000,0.0001,,Ni-NiO-2.6,-13.1,dehydration,b,6,[Si],-12,88,no,polarized FTIR E ,, a,Ferriss,in prep,86.2,bulk H,kiki,1000,0.0001,,Ni-NiO-2.6,-13.1,dehydration,b,6,[Si],-12,88,no,polarized FTIR E ,, a,Ferriss,in prep,86.2,bulk H,kiki,1000,0.0001,,Ni-NiO-2.6,-13.1,dehydration,b,6,[Si],-12,88,no,polarized FTIR E ,, a,Ferriss,in prep,86.2,bulk H,kiki,1000,0.0001,,Ni-NiO-2.6,-13.1,dehydration,b,6,[Si],-12,88,no,polarized FTIR E ,, a,Ferriss,in prep,86.2,bulk H,kiki,1000,0.0001,,Ni-NiO-2.6,-13.1,dehydration,b,6,[Si],-12,88,no,polarized FTIR E ,, a,Ferriss,in prep,86.2,bulk H,kiki,1000,0.0001,,Ni-NiO-2.6,-13.1,dehydration,b,6,[Si],-12,88,no,polarized FTIR E ,, a,Ferriss,in prep,86.2,bulk H,kiki,1000,0.0001,,Ni-NiO-2.6,-13.1,dehydration,b,6,[Si],-12,88,no,polarized FTIR E ,, a,Ferriss,in prep,86.2,bulk H,kiki,1000,0.0001,,Ni-NiO-2.6,-13.1,dehydration,b,6,[Si],-12,88,no,polarized FTIR E ,, a,Ferriss,in prep,86.2,bulk H,kiki,1000,0.0001,,Ni-NiO-2.6,-13.1,dehydration,b,6,[Si],-12,88,no,polarized FTIR E ,, a,Ferriss,in prep,86.2,bulk H,kiki,1000,0.0001,,Ni-NiO-2.6,-13.1,dehydration,b,6,[Si],-12,88,no,polarized FTIR E ,, a,Ferriss,in prep,86.2,bulk H,kiki,1000,0.0001,,Ni-NiO-2.6,-13.1,dehydration,b,6,[Si],-12,88,no,polarized FTIR E ,, a,Ferriss,in prep,86.2,bulk H,kiki,1000,0.0001,,Ni-NiO-2.6,-13.1,dehydration,b,6,[Si],-12,88,no,polarized FTIR E ,, a,Ferriss,in prep,86.2,bulk H,kiki,1000,0.0001,,Ni-NiO-2.6,-13.1,dehydration,b,6,[Si],-12,88,no,polarized FTIR E ,, a,Ferriss,in prep,86.2,bulk H,kiki,1000,0.0001,,Ni-NiO-2.6,-13.1,dehydration,b,6,[Si],-12,88,no,polarized FTIR E ,, a,Ferriss,in prep,86.2,bulk H,kiki,1000,0.0001,,Ni-NiO-2.6,-13.1,dehydration,b,6,[Si],-12,88,no,polarized FTIR E ,, a,Ferriss,in prep,86.2,bulk H,kiki,1000,0.0001,,Ni-NiO-2.6,-13.1,dehydration,b,6,[Si],-12,88,no,polarized FTIR E ,, a,Ferriss,in prep,86.2,bulk H,kiki,1000,0.0001,,Ni-NiO-2.6,-13.1,dehydration,b,6,[Si],-12,88,no,polarized FTIR E ,, a,Ferriss,in prep,86.2,bulk H,kiki,1000,0.0001,,Ni-NiO-2.6,-13.1,dehydration,b,6,[Si],-12,88,no,polarized FTIR E ,, a,Ferriss,in prep,86.2,bulk H,kiki,1000,0.0001,,Ni-NiO-2.6,-13.1,dehydration,b,6,[Si],-12,88,no,polarized FTIR E ,, a,Ferriss,in prep,86.2,bulk H,kiki,1000,0.0001,,Ni-NiO-2.6,-13.1,dehydration,b,6,[Si],-12,88,no,polarized FTIR E ,, a,Ferriss,in prep,86.2,bulk H,kiki,1000,0.0001,,Ni-NiO-2.6,-13.1,dehydration,b,6,[Si],-12,88,no,polarized FTIR E ,, a,Ferriss,in prep,86.2,bulk H,kiki,1000,0.0001,,Ni-NiO-2.6,-13.1,dehydration,b,6,[Si],-12,88,no,polarized FTIR E ,, a,Ferriss,in prep,86.2,bulk H,kiki,1000,0.0001,,Ni-NiO-2.6,-13.1,dehydration,b,6,[Si],-12,88,no,polarized FTIR E ,, a,Ferriss,in prep,86.2,bulk H,kiki,1000,0.0001,,Ni-NiO-2.6,-13.1,dehydration,b,6,[Si],-12,88,no,polarized FTIR E ,, a,Ferriss,in prep,86.2,bulk H,kiki,1000,0.0001,,Ni-NiO-2.6,-13.1,dehydration,b,6,[Si],-12,88,no,polarized FTIR E ,, a,Ferriss,in prep,86.2,bulk H,kiki,1000,0.0001,,Ni-NiO-2.6,-13.1,dehydration,b,6,[Si],-12,88,no,polarized FTIR E ,, a,Ferriss,in prep,86.2,bulk H,kiki,1000,0.0001,,Ni-NiO-2.6,-13.1,dehydration,b,6,[Si],-12,88,no,polarized FTIR E ,, a,Ferriss,in prep,86.2,bulk H,kiki,1000,0.0001,,Ni-NiO-2.6,-13.1,dehydration,b,6,[Si],-12,88,no,polarized FTIR E ,, a,Ferriss,in prep,86.2,bulk H,kiki
Ferriss,in prep,86.2,3356,1000,0.0001,Ni-NiO-2.6,-13.1,dehydration,kiki,c,6,[tri],-11.8,0.6,,no,polarized FTIR E ,,Ferriss,in prep,86.2,bulk H,kiki,1000,0.0001,,Ni-NiO-2.6,-13.1,dehydration,c,6,[Si],-11.9,88,no,polarized FTIR E ,, a,Ferriss,in prep,86.2,bulk H,kiki,1000,0.0001,,Ni-NiO-2.6,-13.1,dehydration,c,6,[Si],-11.9,88,no,polarized FTIR E ,, a,Ferriss,in prep,86.2,bulk H,kiki,1000,0.0001,,Ni-NiO-2.6,-13.1,dehydration,c,6,[Si],-11.9,88,no,polarized FTIR E ,, a,Ferriss,in prep,86.2,bulk H,kiki,1000,0.0001,,Ni-NiO-2.6,-13.1,dehydration,c,6,[Si],-11.9,88,no,polarized FTIR E ,, a,Ferriss,in prep,86.2,bulk H,kiki,1000,0.0001,,Ni-NiO-2.6,-13.1,dehydration,c,6,[Si],-11.9,88,no,polarized FTIR E ,, a,Ferriss,in prep,86.2,bulk H,kiki,1000,0.0001,,Ni-NiO-2.6,-13.1,dehydration,c,6,[Si],-11.9,88,no,polarized FTIR E ,, a,Ferriss,in prep,86.2,bulk H,kiki,1000,0.0001,,Ni-NiO-2.6,-13.1,dehydration,c,6,[Si],-11.9,88,no,polarized FTIR E ,, a,Ferriss,in prep,86.2,bulk H,kiki,1000,0.0001,,Ni-NiO-2.6,-13.1,dehydration,c,6,[Si],-11.9,88,no,polarized FTIR E ,, a,Ferriss,in prep,86.2,bulk H,kiki,1000,0.0001,,Ni-NiO-2.6,-13.1,dehydration,c,6,[Si],-11.9,88,no,polarized FTIR E ,, a,Ferriss,in prep,86.2,bulk H,kiki,1000,0.0001,,Ni-NiO-2.6,-13.1,dehydration,c,6,[Si],-11.9,88,no,polarized FTIR E ,, a,Ferriss,in prep,86.2,bulk H,kiki,1000,0.0001,,Ni-NiO-2.6,-13.1,dehydration,c,6,[Si],-11.9,88,no,polarized FTIR E ,, a,Ferriss,in prep,86.2,bulk H,kiki,1000,0.0001,,Ni-NiO-2.6,-13.1,dehydration,c,6,[Si],-11.9,88,no,polarized FTIR E ,, a,Ferriss,in prep,86.2,bulk H,kiki,1000,0.0001,,Ni-NiO-2.6,-13.1,dehydration,c,6,[Si],-11.9,88,no,polarized FTIR E ,, a,Ferriss,in prep,86.2,bulk H,kiki,1000,0.0001,,Ni-NiO-2.6,-13.1,dehydration,c,6,[Si],-11.9,88,no,polarized FTIR E ,, a,Ferriss,in prep,86.2,bulk H,kiki,1000,0.0001,,Ni-NiO-2.6,-13.1,dehydration,c,6,[Si],-11.9,88,no,polarized FTIR E ,, a,Ferriss,in prep,86.2,bulk H,kiki,1000,0.0001,,Ni-NiO-2.6,-13.1,dehydration,c,6,[Si],-11.9,88,no,polarized FTIR E ,, a,Ferriss,in prep,86.2,bulk H,kiki,1000,0.0001,,Ni-NiO-2.6,-13.1,dehydration,c,6,[Si],-11.9,88,no,polarized FTIR E ,, a,Ferriss,in prep,86.2,bulk H,kiki,1000,0.0001,,Ni-NiO-2.6,-13.1,dehydration,c,6,[Si],-11.9,88,no,polarized FTIR E ,, a,Ferriss,in prep,86.2,bulk H,kiki,1000,0.0001,,Ni-NiO-2.6,-13.1,dehydration,c,6,[Si],-11.9,88,no,polarized FTIR E ,, a,Ferriss,in prep,86.2,bulk H,kiki,1000,0.0001,,Ni-NiO-2.6,-13.1,dehydration,c,6,[Si],-11.9,88,no,polarized FTIR E ,, a,Ferriss,in prep,86.2,bulk H,kiki,1000,0.0001,,Ni-NiO-2.6,-13.1,dehydration,c,6,[Si],-11.9,88,no,polarized FTIR E ,, a,Ferriss,in prep,86.2,bulk H,kiki,1000,0.0001,,Ni-NiO-2.6,-13.1,dehydration,c,6,[Si],-11.9,88,no,polarized FTIR E ,, a,Ferriss,in prep,86.2,bulk H,kiki,1000,0.0001,,Ni-NiO-2.6,-13.1,dehydration,c,6,[Si],-11.9,88,no,polarized FTIR E ,, a,Ferriss,in prep,86.2,bulk H,kiki,1000,0.0001,,Ni-NiO-2.6,-13.1,dehydration,c,6,[Si],-11.9,88,no,polarized FTIR E ,, a,Ferriss,in prep,86.2,bulk H,kiki,1000,0.0001,,Ni-NiO-2.6,-13.1,dehydration,c,6,[Si],-11.9,88,no,polarized FTIR E ,, a,Ferriss,in prep,86.2,bulk H,kiki,1000,0.0001,,Ni-NiO-2.6,-13.1,dehydration,c,6,[Si],-11.9,88,no,polarized FTIR E ,, a,Ferriss,in prep,86.2,bulk H,kiki,1000,0.0001,,Ni-NiO-2.6,-13.1,dehydration,c,6,[Si],-11.9,88,no,polarized FTIR E ,, a,Ferriss,in prep,86.2,bulk H,kiki,1000,0.0001,,Ni-NiO-2.6,-13.1,dehydration,c,6,[Si],-11.9,88,no,polarized FTIR E ,, a,Ferriss,in prep,86.2,bulk H,kiki,1000,0.0001,,Ni-NiO-2.6,-13.1,dehydration,c,6,[Si],-11.9,88,no,polarized FTIR E ,, a,Ferriss,in prep,86.2,bulk H,kiki,1000,0.0001,,Ni-NiO-2.6,-13.1,dehydration,c,6,[Si],-11.9,88,no,polarized FTIR E ,, a,Ferriss,in prep,86.2,bulk H,kiki,1000,0.0001,,Ni-NiO-2.6,-13.1,dehydration,c,6,[Si],-11.9,88,no,polarized FTIR E ,, a,Ferriss,in prep,86.2,bulk H,kiki,1000,0.0001,,Ni-NiO-2.6,-13.1,dehydration,c,6,[Si],-11.9,88,no,polarized FTIR E ,, a,Ferriss,in prep,86.2,bulk H,kiki,1000,0.0001,,Ni-NiO-2.6,-13.1,dehydration,c,6,[Si],-11.9,88,no,polarized FTIR E ,, a,Ferriss,in prep,86.2,bulk H,kiki,1000,0.0001,,Ni-NiO-2.6,-13.1,dehydration,c,6,[Si],-11.9,88,no,polarized FTIR E ,, a,Ferriss,in prep,86.2,bulk H,kiki,1000,0.0001,,Ni-NiO-2.6,-13.1,dehydration,c,6,[Si],-11.9,88,no,polarized FTIR E ,, a,Ferriss,in prep,86.2,bulk H,kiki,1000,0.0001,,Ni-NiO-2.6,-13.1,dehydration,c,6,[Si],-11.9,88,no,polarized FTIR E ,, a,Ferriss,in prep,86.2,bulk H,kiki,1000,0.0001,,Ni-NiO-2.6,-13.1,dehydration,c,6,[Si],-11.9,88,no,polarized FTIR E ,, a,Ferriss,in prep,86.2,bulk H,kiki,1000,0.0001,,Ni-NiO-2.6,-13.1,dehydration,c,6,[Si],-11.9,88,no,polarized FTIR E ,, a,Ferriss,in prep,86.2,bulk H,kiki,1000,0.0001,,Ni-NiO-2.6,-13.1,dehydration,c,6,[Si],-11.9,88,no,polarized FTIR E ,, a,Ferriss,in prep,86.2,bulk H,kiki,1000,0.0001,,Ni-NiO-2.6,-13.1,dehydration,c,6,[Si],-11.9,88,no,polarized FTIR E ,, a,Ferriss,in prep,86.2,bulk H,kiki,1000,0.0001,,Ni-NiO-2.6,-13.1,dehydration,c,6,[Si],-11.9,88,no,polarized FTIR E ,, a,Ferriss,in prep,86.2,bulk H,kiki,1000,0.0001,,Ni-NiO-2.6,-13.1,dehydration,c,6,[Si],-11.9,88,no,polarized FTIR E ,, a,Ferriss,in prep,86.2,bulk H,kiki,1000,0.0001,,Ni-NiO-2.6,-13.1,dehydration,c,6,[Si],-11.9,88,no,polarized FTIR E ,, a,Ferriss,in prep,86.2,bulk H,kiki,1000,0.0001,,Ni-NiO-2.6,-13.1,dehydration,c,6,[Si],-11.9,88,no,polarized FTIR E ,, a,Ferriss,in prep,86.2,bulk H,kiki,1000,0.0001,,Ni-NiO-2.6,-13.1,dehydration,c,6,[Si],-11.9,88,no,polarized FTIR E ,, a,Ferriss,in prep,86.2,bulk H,kiki,1000,0.0001,,Ni-NiO-2.6,-13.1,dehydration,c,6,[Si],-11.9,88,no,polarized FTIR E ,, a,Ferriss,in prep,86.2,bulk H,kiki,1000,0.0001,,Ni-NiO-2.6,-13.1,dehydration,c,6,[Si],-11.9,88,no,polarized FTIR E ,, a,Ferriss,in prep,86.2,bulk H,kiki,1000,0.0001,,Ni-NiO-2.6,-13.1,dehydration,c,6,[Si],-11.9,88,no,polarized FTIR E ,, a,Ferriss,in prep,86.2,bulk H,kiki,1000,0.0001,,Ni-NiO-2.6,-13.1,dehydration,c,6,[Si],-11.9,88,no,polarized FTIR E ,, a,Ferriss,in prep,86.2,bulk H,kiki,1000,0.0001,,Ni-NiO-2.6,-13.1,dehydration,c,6,[Si],-11.9,88,no,polarized FTIR E ,, a,Ferriss,in prep,86.2,bulk H,kiki
Ferriss,in prep,86.2,3356,1000,0.0001,Ni-NiO-2.6,-13.1,dehydration,kiki,a,7,[tri],-11.8,0.6,,no,polarized FTIR E ,,Ferriss,in prep,86.2,bulk H,kiki,1000,0.0001,,Ni-NiO-2.6,-13.1,dehydration,a,7,[Si],-10.7,88,no,polarized FTIR E ,, a,Ferriss,in prep,86.2,bulk H,kiki,1000,0.0001,,Ni-NiO-2.6,-13.1,dehydration,a,7,[Si],-10.7,88,no,polarized FTIR E ,, a,Ferriss,in prep,86.2,bulk H,kiki,1000,0.0001,,Ni-NiO-2.6,-13.1,dehydration,a,7,[Si],-10.7,88,no,polarized FTIR E ,, a,Ferriss,in prep,86.2,bulk H,kiki,1000,0.0001,,Ni-NiO-2.6,-13.1,dehydration,a,7,[Si],-10.7,88,no,polarized FTIR E ,, a,Ferriss,in prep,86.2,bulk H,kiki,1000,0.0001,,Ni-NiO-2.6,-13.1,dehydration,a,7,[Si],-10.7,88,no,polarized FTIR E ,, a,Ferriss,in prep,86.2,bulk H,kiki,1000,0.0001,,Ni-NiO-2.6,-13.1,dehydration,a,7,[Si],-10.7,88,no,polarized FTIR E ,, a,Ferriss,in prep,86.2,bulk H,kiki,1000,0.0001,,Ni-NiO-2.6,-13.1,dehydration,a,7,[Si],-10.7,88,no,polarized FTIR E ,, a,Ferriss,in prep,86.2,bulk H,kiki,1000,0.0001,,Ni-NiO-2.6,-13.1,dehydration,a,7,[Si],-10.7,88,no,polarized FTIR E ,, a,Ferriss,in prep,86.2,bulk H,kiki,1000,0.0001,,Ni-NiO-2.6,-13.1,dehydration,a,7,[Si],-10.7,88,no,polarized FTIR E ,, a,Ferriss,in prep,86.2,bulk H,kiki,1000,0.0001,,Ni-NiO-2.6,-13.1,dehydration,a,7,[Si],-10.7,88,no,polarized FTIR E ,, a,Ferriss,in prep,86.2,bulk H,kiki,1000,0.0001,,Ni-NiO-2.6,-13.1,dehydration,a,7,[Si],-10.7,88,no,polarized FTIR E ,, a,Ferriss,in prep,86.2,bulk H,kiki,1000,0.0001,,Ni-NiO-2.6,-13.1,dehydration,a,7,[Si],-10.7,88,no,polarized FTIR E ,, a,Ferriss,in prep,86.2,bulk H,kiki,1000,0.0001,,Ni-NiO-2.6,-13.1,dehydration,a,7,[Si],-10.7,88,no,polarized FTIR E ,, a,Ferriss,in prep,86.2,bulk H,kiki,1000,0.0001,,Ni-NiO-2.6,-13.1,dehydration,a,7,[Si],-10.7,88,no,polarized FTIR E ,, a,Ferriss,in prep,86.2,bulk H,kiki,1000,0.0001,,Ni-NiO-2.6,-13.1,dehydration,a,7,[Si],-10.7,88,no,polarized FTIR E ,, a,Ferriss,in prep,86.2,bulk H,kiki,1000,0.0001,,Ni-NiO-2.6,-13.1,dehydration,a,7,[Si],-10.7,88,no,polarized FTIR E ,, a,Ferriss,in prep,86.2,bulk H,kiki,1000,0.0001,,Ni-NiO-2.6,-13.1,dehydration,a,7,[Si],-10.7,88,no,polarized FTIR E ,, a,Ferriss,in prep,86.2,bulk H,kiki,1000,0.0001,,Ni-NiO-2.6,-13.1,dehydration,a,7,[Si],-10.7,88,no,polarized FTIR E ,, a,Ferriss,in prep,86.2,bulk H,kiki,1000,0.0001,,Ni-NiO-2.6,-13.1,dehydration,a,7,[Si],-10.7,88,no,polarized FTIR E ,, a,Ferriss,in prep,86.2,bulk H,kiki,1000,0.0001,,Ni-NiO-2.6,-13.1,dehydration,a,7,[Si],-10.7,88,no,polarized FTIR E ,, a,Ferriss,in prep,86.2,bulk H,kiki,1000,0.0001,,Ni-NiO-2.6,-13.1,dehydration,a,7,[Si],-10.7,88,no,polarized FTIR E ,, a,Ferriss,in prep,86.2,bulk H,kiki,1000,0.0001,,Ni-NiO-2.6,-13.1,dehydration,a,7,[Si],-10.7,88,no,polarized FTIR E ,, a,Ferriss,in prep,86.2,bulk H,kiki,1000,0.0001,,Ni-NiO-2.6,-13.1,dehydration,a,7,[Si],-10.7,88,no,polarized FTIR E ,, a,Ferriss,in prep,86.2,bulk H,kiki,1000,0.0001,,Ni-NiO-2.6,-13.1,dehydration,a,7,[Si],-10.7,88,no,polarized FTIR E ,, a,Ferriss,in prep,86.2,bulk H,kiki,1000,0.0001,,Ni-NiO-2.6,-13.1,dehydration,a,7,[Si],-10.7,88,no,polarized FTIR E ,, a,Ferriss,in prep,86.2,bulk H,kiki,1000,0.0001,,Ni-NiO-2.6,-13.1,dehydration,a,7,[Si],-10.7,88,no,polarized FTIR E ,, a,Ferriss,in prep,86.2,bulk H,kiki,1000,0.0001,,Ni-NiO-2.6,-13.1,dehydration,a,7,[Si],-10.7,88,no,polarized FTIR E ,, a,Ferriss,in prep,86.2,bulk H,kiki,1000,0.0001,,Ni-NiO-2.6,-13.1,dehydration,a,7,[Si],-10.7,88,no,polarized FTIR E ,, a,Ferriss,in prep,86.2,bulk H,kiki,1000,0.0001,,Ni-NiO-2.6,-13.1,dehydration,a,7,[Si],-10.7,88,no,polarized FTIR E ,, a,Ferriss,in prep,86.2,bulk H,kiki,1000,0.0001,,Ni-NiO-2.6,-13.1,dehydration,a,7,[Si],-10.7,88,no,polarized FTIR E ,, a,Ferriss,in prep,86.2,bulk H,kiki,1000,0.0001,,Ni-NiO-2.6,-13.1,dehydration,a,7,[Si],-10.7,88,no,polarized FTIR E ,, a,Ferriss,in prep,86.2,bulk H,kiki,1000,0.0001,,Ni-NiO-2.6,-13.1,dehydration,a,7,[Si],-10.7,88,no,polarized FTIR E ,, a,Ferriss,in prep,86.2,bulk H,kiki,1000,0.0001,,Ni-NiO-2.6,-13.1,dehydration,a,7,[Si],-10.7,88,no,polarized FTIR E ,, a,Ferriss,in prep,86.2,bulk H,kiki,1000,0.0001,,Ni-NiO-2.6,-13.1,dehydration,a,7,[Si],-10.7,88,no,polarized FTIR E ,, a,Ferriss,in prep,86.2,bulk H,kiki,1000,0.0001,,Ni-NiO-2.6,-13.1,dehydration,a,7,[Si],-10.7,88,no,polarized FTIR E ,, a,Ferriss,in prep,86.2,bulk H,kiki,1000,0.0001,,Ni-NiO-2.6,-13.1,dehydration,a,7,[Si],-10.7,88,no,polarized FTIR E ,, a,Ferriss,in prep,86.2,bulk H,kiki,1000,0.0001,,Ni-NiO-2.6,-13.1,dehydration,a,7,[Si],-10.7,88,no,polarized FTIR E ,, a,Ferriss,in prep,86.2,bulk H,kiki,1000,0.0001,,Ni-NiO-2.6,-13.1,dehydration,a,7,[Si],-10.7,88,no,polarized FTIR E ,, a,Ferriss,in prep,86.2,bulk H,kiki,1000,0.0001,,Ni-NiO-2.6,-13.1,dehydration,a,7,[Si],-10.7,88,no,polarized FTIR E ,, a,Ferriss,in prep,86.2,bulk H,kiki,1000,0.0001,,Ni-NiO-2.6,-13.1,dehydration,a,7,[Si],-10.7,88,no,polarized FTIR E ,, a,Ferriss,in prep,86.2,bulk H,kiki,1000,0.0001,,Ni-NiO-2.6,-13.1,dehydration,a,7,[Si],-10.7,88,no,polarized FTIR E ,, a,Ferriss,in prep,86.2,bulk H,kiki,1000,0.0001,,Ni-NiO-2.6,-13.1,dehydration,a,7,[Si],-10.7,88,no,polarized FTIR E ,, a,Ferriss,in prep,86.2,bulk H,kiki,1000,0.0001,,Ni-NiO-2.6,-13.1,dehydration,a,7,[Si],-10.7,88,no,polarized FTIR E ,, a,Ferriss,in prep,86.2,bulk H,kiki,1000,0.0001,,Ni-NiO-2.6,-13.1,dehydration,a,7,[Si],-10.7,88,no,polarized FTIR E ,, a,Ferriss,in prep,86.2,bulk H,kiki,1000,0.0001,,Ni-NiO-2.6,-13.1,dehydration,a,7,[Si],-10.7,88,no,polarized FTIR E ,, a,Ferriss,in prep,86.2,bulk H,kiki,1000,0.0001,,Ni-NiO-2.6,-13.1,dehydration,a,7,[Si],-10.7,88,no,polarized FTIR E ,, a,Ferriss,in prep,86.2,bulk H,kiki,1000,0.0001,,Ni-NiO-2.6,-13.1,dehydration,a,7,[Si],-10.7,88,no,polarized FTIR E ,, a,Ferriss,in prep,86.2,bulk H,kiki,1000,0.0001,,Ni-NiO-2.6,-13.1,dehydration,a,7,[Si],-10.7,88,no,polarized FTIR E ,, a,Ferriss,in prep,86.2,bulk H,kiki,1000,0.0001,,Ni-NiO-2.6,-13.1,dehydration,a,7,[Si],-10.7,88,no,polarized FTIR E ,, a,Ferriss,in prep,86.2,bulk H,kiki,1000,0.0001,,Ni-NiO-2.6,-13.1,dehydration,a,7,[Si],-10.7,88,no,polarized FTIR E ,, a,Ferriss,in prep,86.2,bulk H,kiki
Ferriss,in prep,86.2,3356,1000,0.0001,Ni-NiO-2.6,-13.1,dehydration,kiki,b,7,[tri],-12,0.6,,no,polarized FTIR E ,,Ferriss,in prep,86.2,bulk H,kiki,1000,0.0001,,Ni-NiO-2.6,-13.1,dehydration,b,7,[Si],-12,88,no,polarized FTIR E ,, a,Ferriss,in prep,86.2,bulk H,kiki,1000,0.0001,,Ni-NiO-2.6,-13.1,dehydration,b,7,[Si],-12,88,no,polarized FTIR E ,, a,Ferriss,in prep,86.2,bulk H,kiki,1000,0.0001,,Ni-NiO-2.6,-13.1,dehydration,b,7,[Si],-12,88,no,polarized FTIR E ,, a,Ferriss,in prep,86.2,bulk H,kiki,1000,0.0001,,Ni-NiO-2.6,-13.1,dehydration,b,7,[Si],-12,88,no,polarized FTIR E ,, a,Ferriss,in prep,86.2,bulk H,kiki,1000,0.0001,,Ni-NiO-2.6,-13.1,dehydration,b,7,[Si],-12,88,no,polarized FTIR E ,, a,Ferriss,in prep,86.2,bulk H,kiki,1000,0.0001,,Ni-NiO-2.6,-13.1,dehydration,b,7,[Si],-12,88,no,polarized FTIR E ,, a,Ferriss,in prep,86.2,bulk H,kiki,1000,0.0001,,Ni-NiO-2.6,-13.1,dehydration,b,7,[Si],-12,88,no,polarized FTIR E ,, a,Ferriss,in prep,86.2,bulk H,kiki,1000,0.0001,,Ni-NiO-2.6,-13.1,dehydration,b,7,[Si],-12,88,no,polarized FTIR E ,, a,Ferriss,in prep,86.2,bulk H,kiki,1000,0.0001,,Ni-NiO-2.6,-13.1,dehydration,b,7,[Si],-12,88,no,polarized FTIR E ,, a,Ferriss,in prep,86.2,bulk H,kiki,1000,0.0001,,Ni-NiO-2.6,-13.1,dehydration,b,7,[Si],-12,88,no,polarized FTIR E ,, a,Ferriss,in prep,86.2,bulk H,kiki,1000,0.0001,,Ni-NiO-2.6,-13.1,dehydration,b,7,[Si],-12,88,no,polarized FTIR E ,, a,Ferriss,in prep,86.2,bulk H,kiki,1000,0.0001,,Ni-NiO-2.6,-13.1,dehydration,b,7,[Si],-12,88,no,polarized FTIR E ,, a,Ferriss,in prep,86.2,bulk H,kiki,1000,0.0001,,Ni-NiO-2.6,-13.1,dehydration,b,7,[Si],-12,88,no,polarized FTIR E ,, a,Ferriss,in prep,86.2,bulk H,kiki,1000,0.0001,,Ni-NiO-2.6,-13.1,dehydration,b,7,[Si],-12,88,no,polarized FTIR E ,, a,Ferriss,in prep,86.2,bulk H,kiki,1000,0.0001,,Ni-NiO-2.6,-13.1,dehydration,b,7,[Si],-12,88,no,polarized FTIR E ,, a,Ferriss,in prep,86.2,bulk H,kiki,1000,0.0001,,Ni-NiO-2.6,-13.1,dehydration,b,7,[Si],-12,88,no,polarized FTIR E ,, a,Ferriss,in prep,86.2,bulk H,kiki,1000,0.0001,,Ni-NiO-2.6,-13.1,dehydration,b,7,[Si],-12,88,no,polarized FTIR E ,, a,Ferriss,in prep,86.2,bulk H,kiki,1000,0.0001,,Ni-NiO-2.6,-13.1,dehydration,b,7,[Si],-12,88,no,polarized FTIR E ,, a,Ferriss,in prep,86.2,bulk H,kiki,1000,0.0001,,Ni-NiO-2.6,-13.1,dehydration,b,7,[Si],-12,88,no,polarized FTIR E ,, a,Ferriss,in prep,86.2,bulk H,kiki,1000,0.0001,,Ni-NiO-2.6,-13.1,dehydration,b,7,[Si],-12,88,no,polarized FTIR E ,, a,Ferriss,in prep,86.2,bulk H,kiki,1000,0.0001,,Ni-NiO-2.6,-13.1,dehydration,b,7,[Si],-12,88,no,polarized FTIR E ,, a,Ferriss,in prep,86.2,bulk H,kiki,1000,0.0001,,Ni-NiO-2.6,-13.1,dehydration,b,7,[Si],-12,88,no,polarized FTIR E ,, a,Ferriss,in prep,86.2,bulk H,kiki,1000,0.0001,,Ni-NiO-2.6,-13.1,dehydration,b,7,[Si],-12,88,no,polarized FTIR E ,, a,Ferriss,in prep,86.2,bulk H,kiki,1000,0.0001,,Ni-NiO-2.6,-13.1,dehydration,b,7,[Si],-12,88,no,polarized FTIR E ,, a,Ferriss,in prep,86.2,bulk H,kiki,1000,0.0001,,Ni-NiO-2.6,-13.1,dehydration,b,7,[Si],-12,88,no,polarized FTIR E ,, a,Ferriss,in prep,86.2,bulk H,kiki,1000,0.0001,,Ni-NiO-2.6,-13.1,dehydration,b,7,[Si],-12,88,no,polarized FTIR E ,, a,Ferriss,in prep,86.2,bulk H,kiki,1000,0.0001,,Ni-NiO-2.6,-13.1,dehydration,b,7,[Si],-12,88,no,polarized FTIR E ,, a,Ferriss,in prep,86.2,bulk H,kiki,1000,0.0001,,Ni-NiO-2.6,-13.1,dehydration,b,7,[Si],-12,88,no,polarized FTIR E ,, a,Ferriss,in prep,86.2,bulk H,kiki,1000,0.0001,,Ni-NiO-2.6,-13.1,dehydration,b,7,[Si],-12,88,no,polarized FTIR E ,, a,Ferriss,in prep,86.2,bulk H,kiki,1000,0.0001,,Ni-NiO-2.6,-13.1,dehydration,b,7,[Si],-12,88,no,polarized FTIR E ,, a,Ferriss,in prep,86.2,bulk H,kiki,1000,0.0001,,Ni-NiO-2.6,-13.1,dehydration,b,7,[Si],-12,88,no,polarized FTIR E ,, a,Ferriss,in prep,86.2,bulk H,kiki,1000,0.0001,,Ni-NiO-2.6,-13.1,dehydration,b,7,[Si],-12,88,no,polarized FTIR E ,, a,Ferriss,in prep,86.2,bulk H,kiki,1000,0.0001,,Ni-NiO-2.6,-13.1,dehydration,b,7,[Si],-12,88,no,polarized FTIR E ,, a,Ferriss,in prep,86.2,bulk H,kiki,1000,0.0001,,Ni-NiO-2.6,-13.1,dehydration,b,7,[Si],-12,88,no,polarized FTIR E ,, a,Ferriss,in prep,86.2,bulk H,kiki,1000,0.0001,,Ni-NiO-2.6,-13.1,dehydration,b,7,[Si],-12,88,no,polarized FTIR E ,, a,Ferriss,in prep,86.2,bulk H,kiki,1000,0.0001,,Ni-NiO-2.6,-13.1,dehydration,b,7,[Si],-12,88,no,polarized FTIR E ,, a,Ferriss,in prep,86.2,bulk H,kiki,1000,0.0001,,Ni-NiO-2.6,-13.1,dehydration,b,7,[Si],-12,88,no,polarized FTIR E ,, a,Ferriss,in prep,86.2,bulk H,kiki,1000,0.0001,,Ni-NiO-2.6,-13.1,dehydration,b,7,[Si],-12,88,no,polarized FTIR E ,, a,Ferriss,in prep,86.2,bulk H,kiki,1000,0.0001,,Ni-NiO-2.6,-13.1,dehydration,b,7,[Si],-12,88,no,polarized FTIR E ,, a,Ferriss,in prep,86.2,bulk H,kiki,1000,0.0001,,Ni-NiO-2.6,-13.1,dehydration,b,7,[Si],-12,88,no,polarized FTIR E ,, a,Ferriss,in prep,86.2,bulk H,kiki,1000,0.0001,,Ni-NiO-2.6,-13.1,dehydration,b,7,[Si],-12,88,no,polarized FTIR E ,, a,Ferriss,in prep,86.2,bulk H,kiki,1000,0.0001,,Ni-NiO-2.6,-13.1,dehydration,b,7,[Si],-12,88,no,polarized FTIR E ,, a,Ferriss,in prep,86.2,bulk H,kiki,1000,0.0001,,Ni-NiO-2.6,-13.1,dehydration,b,7,[Si],-12,88,no,polarized FTIR E ,, a,Ferriss,in prep,86.2,bulk H,kiki,1000,0.0001,,Ni-NiO-2.6,-13.1,dehydration,b,7,[Si],-12,88,no,polarized FTIR E ,, a,Ferriss,in prep,86.2,bulk H,kiki,1000,0.0001,,Ni-NiO-2.6,-13.1,dehydration,b,7,[Si],-12,88,no,polarized FTIR E ,, a,Ferriss,in prep,86.2,bulk H,kiki,1000,0.0001,,Ni-NiO-2.6,-13.1,dehydration,b,7,[Si],-12,88,no,polarized FTIR E ,, a,Ferriss,in prep,86.2,bulk H,kiki,1000,0.0001,,Ni-NiO-2.6,-13.1,dehydration,b,7,[Si],-12,88,no,polarized FTIR E ,, a,Ferriss,in prep,86.2,bulk H,kiki,1000,0.0001,,Ni-NiO-2.6,-13.1,dehydration,b,7,[Si],-12,88,no,polarized FTIR E ,, a,Ferriss,in prep,86.2,bulk H,kiki,1000,0.0001,,Ni-NiO-2.6,-13.1,dehydration,b,7,[Si],-12,88,no,polarized FTIR E ,, a,Ferriss,in prep,86.2,bulk H,kiki,1000,0.0001,,Ni-NiO-2.6,-13.1,dehydration,b,7,[Si],-12,88,no,polarized FTIR E ,, a,Ferriss,in prep,86.2,bulk H,kiki
Ferriss,in prep,86.2,3356,1000,0.0001,Ni-NiO-2.6,-13.1,dehydration,kiki,c,7,[tri],-11.8,0.6,,no,polarized FTIR E ,,Ferriss,in prep,86.2,bulk H,kiki,1000,0.0001,,Ni-NiO-2.6,-13.1,dehydration,c,7,[Si],-11.9,88,no,polarized FTIR E ,, a,Ferriss,in prep,86.2,bulk H,kiki,1000,0.0001,,Ni-NiO-2.6,-13.1,dehydration,c,7,[Si],-11.9,88,no,polarized FTIR E ,, a,Ferriss,in prep,86.2,bulk H,kiki,1000,0.0001,,Ni-NiO-2.6,-13.1,dehydration,c,7,[Si],-11.9,88,no,polarized FTIR E ,, a,Ferriss,in prep,86.2,bulk H,kiki,1000,0.0001,,Ni-NiO-2.6,-13.1,dehydration,c,7,[Si],-11.9,88,no,polarized FTIR E ,, a,Ferriss,in prep,86.2,bulk H,kiki,1000,0.0001,,Ni-NiO-2.6,-13.1,dehydration,c,7,[Si],-11.9,88,no,polarized FTIR E ,, a,Ferriss,in prep,86.2,bulk H,kiki,1000,0.0001,,Ni-NiO-2.6,-13.1,dehydration,c,7,[Si],-11.9,88,no,polarized FTIR E ,, a,Ferriss,in prep,86.2,bulk H,kiki,1000,0.0001,,Ni-NiO-2.6,-13.1,dehydration,c,7,[Si],-11.9,88,no,polarized FTIR E ,, a,Ferriss,in prep,86.2,bulk H,kiki,1000,0.0001,,Ni-NiO-2.6,-13.1,dehydration,c,7,[Si],-11.9,88,no,polarized FTIR E ,, a,Ferriss,in prep,86.2,bulk H,kiki,1000,0.0001,,Ni-NiO-2.6,-13.1,dehydration,c,7,[Si],-11.9,88,no,polarized FTIR E ,, a,Ferriss,in prep,86.2,bulk H,kiki,1000,0.0001,,Ni-NiO-2.6,-13.1,dehydration,c,7,[Si],-11.9,88,no,polarized FTIR E ,, a,Ferriss,in prep,86.2,bulk H,kiki,1000,0.0001,,Ni-NiO-2.6,-13.1,dehydration,c,7,[Si],-11.9,88,no,polarized FTIR E ,, a,Ferriss,in prep,86.2,bulk H,kiki,1000,0.0001,,Ni-NiO-2.6,-13.1,dehydration,c,7,[Si],-11.9,88,no,polarized FTIR E ,, a,Ferriss,in prep,86.2,bulk H,kiki,1000,0.0001,,Ni-NiO-2.6,-13.1,dehydration,c,7,[Si],-11.9,88,no,polarized FTIR E ,, a,Ferriss,in prep,86.2,bulk H,kiki,1000,0.0001,,Ni-NiO-2.6,-13.1,dehydration,c,7,[Si],-11.9,88,no,polarized FTIR E ,, a,Ferriss,in prep,86.2,bulk H,kiki,1000,0.0001,,Ni-NiO-2.6,-13.1,dehydration,c,7,[Si],-11.9,88,no,polarized FTIR E ,, a,Ferriss,in prep,86.2,bulk H,kiki,1000,0.0001,,Ni-NiO-2.6,-13.1,dehydration,c,7,[Si],-11.9,88,no,polarized FTIR E ,, a,Ferriss,in prep,86.2,bulk H,kiki,1000,0.0001,,Ni-NiO-2.6,-13.1,dehydration,c,7,[Si],-11.9,88,no,polarized FTIR E ,, a,Ferriss,in prep,86.2,bulk H,kiki,1000,0.0001,,Ni-NiO-2.6,-13.1,dehydration,c,7,[Si],-11.9,88,no,polarized FTIR E ,, a,Ferriss,in prep,86.2,bulk H,kiki,1000,0.0001,,Ni-NiO-2.6,-13.1,dehydration,c,7,[Si],-11.9,88,no,polarized FTIR E ,, a,Ferriss,in prep,86.2,bulk H,kiki,1000,0.0001,,Ni-NiO-2.6,-13.1,dehydration,c,7,[Si],-11.9,88,no,polarized FTIR E ,, a,Ferriss,in prep,86.2,bulk H,kiki,1000,0.0001,,Ni-NiO-2.6,-13.1,dehydration,c,7,[Si],-11.9,88,no,polarized FTIR E ,, a,Ferriss,in prep,86.2,bulk H,kiki,1000,0.0001,,Ni-NiO-2.6,-13.1,dehydration,c,7,[Si],-11.9,88,no,polarized FTIR E ,, a,Ferriss,in prep,86.2,bulk H,kiki,1000,0.0001,,Ni-NiO-2.6,-13.1,dehydration,c,7,[Si],-11.9,88,no,polarized FTIR E ,, a,Ferriss,in prep,86.2,bulk H,kiki,1000,0.0001,,Ni-NiO-2.6,-13.1,dehydration,c,7,[Si],-11.9,88,no,polarized FTIR E ,, a,Ferriss,in prep,86.2,bulk H,kiki,1000,0.0001,,Ni-NiO-2.6,-13.1,dehydration,c,7,[Si],-11.9,88,no,polarized FTIR E ,, a,Ferriss,in prep,86.2,bulk H,kiki,1000,0.0001,,Ni-NiO-2.6,-13.1,dehydration,c,7,[Si],-11.9,88,no,polarized FTIR E ,, a,Ferriss,in prep,86.2,bulk H,kiki,1000,0.0001,,Ni-NiO-2.6,-13.1,dehydration,c,7,[Si],-11.9,88,no,polarized FTIR E ,, a,Ferriss,in prep,86.2,bulk H,kiki,1000,0.0001,,Ni-NiO-2.6,-13.1,dehydration,c,7,[Si],-11.9,88,no,polarized FTIR E ,, a,Ferriss,in prep,86.2,bulk H,kiki,1000,0.0001,,Ni-NiO-2.6,-13.1,dehydration,c,7,[Si],-11.9,88,no,polarized FTIR E ,, a,Ferriss,in prep,86.2,bulk H,kiki,1000,0.0001,,Ni-NiO-2.6,-13.1,dehydration,c,7,[Si],-11.9,88,no,polarized FTIR E ,, a,Ferriss,in prep,86.2,bulk H,kiki,1000,0.0001,,Ni-NiO-2.6,-13.1,dehydration,c,7,[Si],-11.9,88,no,polarized FTIR E ,, a,Ferriss,in prep,86.2,bulk H,kiki,1000,0.0001,,Ni-NiO-2.6,-13.1,dehydration,c,7,[Si],-11.9,88,no,polarized FTIR E ,, a,Ferriss,in prep,86.2,bulk H,kiki,1000,0.0001,,Ni-NiO-2.6,-13.1,dehydration,c,7,[Si],-11.9,88,no,polarized FTIR E ,, a,Ferriss,in prep,86.2,bulk H,kiki,1000,0.0001,,Ni-NiO-2.6,-13.1,dehydration,c,7,[Si],-11.9,88,no,polarized FTIR E ,, a,Ferriss,in prep,86.2,bulk H,kiki,1000,0.0001,,Ni-NiO-2.6,-13.1,dehydration,c,7,[Si],-11.9,88,no,polarized FTIR E ,, a,Ferriss,in prep,86.2,bulk H,kiki,1000,0.0001,,Ni-NiO-2.6,-13.1,dehydration,c,7,[Si],-11.9,88,no,polarized FTIR E ,, a,Ferriss,in prep,86.2,bulk H,kiki,1000,0.0001,,Ni-NiO-2.6,-13.1,dehydration,c,7,[Si],-11.9,88,no,polarized FTIR E ,, a,Ferriss,in prep,86.2,bulk H,kiki,1000,0.0001,,Ni-NiO-2.6,-13.1,dehydration,c,7,[Si],-11.9,88,no,polarized FTIR E ,, a,Ferriss,in prep,86.2,bulk H,kiki,1000,0.0001,,Ni-NiO-2.6,-13.1,dehydration,c,7,[Si],-11.9,88,no,polarized FTIR E ,, a,Ferriss,in prep,86.2,bulk H,kiki,1000,0.0001,,Ni-NiO-2.6,-13.1,dehydration,c,7,[Si],-11.9,88,no,polarized FTIR E ,, a,Ferriss,in prep,86.2,bulk H,kiki,1000,0.0001,,Ni-NiO-2.6,-13.1,dehydration,c,7,[Si],-11.9,88,no,polarized FTIR E ,, a,Ferriss,in prep,86.2,bulk H,kiki,1000,0.0001,,Ni-NiO-2.6,-13.1,dehydration,c,7,[Si],-11.9,88,no,polarized FTIR E ,, a,Ferriss,in prep,86.2,bulk H,kiki,1000,0.0001,,Ni-NiO-2.6,-13.1,dehydration,c,7,[Si],-11.9,88,no,polarized FTIR E ,, a,Ferriss,in prep,86.2,bulk H,kiki,1000,0.0001,,Ni-NiO-2.6,-13.1,dehydration,c,7,[Si],-11.9,88,no,polarized FTIR E ,, a,Ferriss,in prep,86.2,bulk H,kiki,1000,0.0001,,Ni-NiO-2.6,-13.1,dehydration,c,7,[Si],-11.9,88,no,polarized FTIR E ,, a,Ferriss,in prep,86.2,bulk H,kiki,1000,0.0001,,Ni-NiO-2.6,-13.1,dehydration,c,7,[Si],-11.9,88,no,polarized FTIR E ,, a,Ferriss,in prep,86.2,bulk H,kiki,1000,0.0001,,Ni-NiO-2.6,-13.1,dehydration,c,7,[Si],-11.9,88,no,polarized FTIR E ,, a,Ferriss,in prep,86.2,bulk H,kiki,1000,0.0001,,Ni-NiO-2.6,-13.1,dehydration,c,7,[Si],-11.9,88,no,polarized FTIR E ,, a,Ferriss,in prep,86.2,bulk H,kiki,1000,0.0001,,Ni-NiO-2.6,-13.1,dehydration,c,7,[Si],-11.9,88,no,polarized FTIR E ,, a,Ferriss,in prep,86.2,bulk H,kiki,1000,0.0001,,Ni-NiO-2.6,-13.1,dehydration,c,7,[Si],-11.9,88,no,polarized FTIR E ,, a,Ferriss,in prep,86.2,bulk H,kiki
Ferriss,in prep,86.2,3356,1000,0.0001,Ni-NiO+1.9,-8.4,dehydration,kiki,a,8,[tri],-11.8,0.6,,no,polarized FTIR E ,,Ferriss,in prep,86.2,bulk H,kiki,1000,0.0001,,Ni-NiO+1.9,-8.4,dehydration,a,8,[Si],-10.7,88,no,polarized FTIR E ,, a,Ferriss,in prep,86.2,bulk H,kiki,1000,0.0001,,Ni-NiO+1.9,-8.4,dehydration,a,8,[Si],-10.7,88,no,polarized FTIR E ,, a,Ferriss,in prep,86.2,bulk H,kiki,1000,0.0001,,Ni-NiO+1.9,-8.4,dehydration,a,8,[Si],-10.7,88,no,polarized FTIR E ,, a,Ferriss,in prep,86.2,bulk H,kiki,1000,0.0001,,Ni-NiO+1.9,-8.4,dehydration,a,8,[Si],-10.7,88,no,polarized FTIR E ,, a,Ferriss,in prep,86.2,bulk H,kiki,1000,0.0001,,Ni-NiO+1.9,-8.4,dehydration,a,8,[Si],-10.7,88,no,polarized FTIR E ,, a,Ferriss,in prep,86.2,bulk H,kiki,1000,0.0001,,Ni-NiO+1.9,-8.4,dehydration,a,8,[Si],-10.7,88,no,polarized FTIR E ,, a,Ferriss,in prep,86.2,bulk H,kiki,1000,0.0001,,Ni-NiO+1.9,-8.4,dehydration,a,8,[Si],-10.7,88,no,polarized FTIR E ,, a,Ferriss,in prep,86.2,bulk H,kiki,1000,0.0001,,Ni-NiO+1.9,-8.4,dehydration,a,8,[Si],-10.7,88,no,polarized FTIR E ,, a,Ferriss,in prep,86.2,bulk H,kiki,1000,0.0001,,Ni-NiO+1.9,-8.4,dehydration,a,8,[Si],-10.7,88,no,polarized FTIR E ,, a,Ferriss,in prep,86.2,bulk H,kiki,1000,0.0001,,Ni-NiO+1.9,-8.4,dehydration,a,8,[Si],-10.7,88,no,polarized FTIR E ,, a,Ferriss,in prep,86.2,bulk H,kiki,1000,0.0001,,Ni-NiO+1.9,-8.4,dehydration,a,8,[Si],-10.7,88,no,polarized FTIR E ,, a,Ferriss,in prep,86.2,bulk H,kiki,1000,0.0001,,Ni-NiO+1.9,-8.4,dehydration,a,8,[Si],-10.7,88,no,polarized FTIR E ,, a,Ferriss,in prep,86.2,bulk H,kiki,1000,0.0001,,Ni-NiO+1.9,-8.4,dehydration,a,8,[Si],-10.7,88,no,polarized FTIR E ,, a,Ferriss,in prep,86.2,bulk H,kiki,1000,0.0001,,Ni-NiO+1.9,-8.4,dehydration,a,8,[Si],-10.7,88,no,polarized FTIR E ,, a,Ferriss,in prep,86.2,bulk H,kiki,1000,0.0001,,Ni-NiO+1.9,-8.4,dehydration,a,8,[Si],-10.7,88,no,polarized FTIR E ,, a,Ferriss,in prep,86.2,bulk H,kiki,1000,0.0001,,Ni-NiO+1.9,-8.4,dehydration,a,8,[Si],-10.7,88,no,polarized FTIR E ,, a,Ferriss,in prep,86.2,bulk H,kiki,1000,0.0001,,Ni-NiO+1.9,-8.4,dehydration,a,8,[Si],-10.7,88,no,polarized FTIR E ,, a,Ferriss,in prep,86.2,bulk H,kiki,1000,0.0001,,Ni-NiO+1.9,-8.4,dehydration,a,8,[Si],-10.7,88,no,polarized FTIR E ,, a,Ferriss,in prep,86.2,bulk H,kiki,1000,0.0001,,Ni-NiO+1.9,-8.4,dehydration,a,8,[Si],-10.7,88,no,polarized FTIR E ,, a,Ferriss,in prep,86.2,bulk H,kiki,1000,0.0001,,Ni-NiO+1.9,-8.4,dehydration,a,8,[Si],-10.7,88,no,polarized FTIR E ,, a,Ferriss,in prep,86.2,bulk H,kiki,1000,0.0001,,Ni-NiO+1.9,-8.4,dehydration,a,8,[Si],-10.7,88,no,polarized FTIR E ,, a,Ferriss,in prep,86.2,bulk H,kiki,1000,0.0001,,Ni-NiO+1.9,-8.4,dehydration,a,8,[Si],-10.7,88,no,polarized FTIR E ,, a,Ferriss,in prep,86.2,bulk H,kiki,1000,0.0001,,Ni-NiO+1.9,-8.4,dehydration,a,8,[Si],-10.7,88,no,polarized FTIR E ,, a,Ferriss,in prep,86.2,bulk H,kiki,1000,0.0001,,Ni-NiO+1.9,-8.4,dehydration,a,8,[Si],-10.7,88,no,polarized FTIR E ,, a,Ferriss,in prep,86.2,bulk H,kiki,1000,0.0001,,Ni-NiO+1.9,-8.4,dehydration,a,8,[Si],-10.7,88,no,polarized FTIR E ,, a,Ferriss,in prep,86.2,bulk H,kiki,1000,0.0001,,Ni-NiO+1.9,-8.4,dehydration,a,8,[Si],-10.7,88,no,polarized FTIR E ,, a,Ferriss,in prep,86.2,bulk H,kiki,1000,0.0001,,Ni-NiO+1.9,-8.4,dehydration,a,8,[Si],-10.7,88,no,polarized FTIR E ,, a,Ferriss,in prep,86.2,bulk H,kiki,1000,0.0001,,Ni-NiO+1.9,-8.4,dehydration,a,8,[Si],-10.7,88,no,polarized FTIR E ,, a,Ferriss,in prep,86.2,bulk H,kiki,1000,0.0001,,Ni-NiO+1.9,-8.4,dehydration,a,8,[Si],-10.7,88,no,polarized FTIR E ,, a,Ferriss,in prep,86.2,bulk H,kiki,1000,0.0001,,Ni-NiO+1.9,-8.4,dehydration,a,8,[Si],-10.7,88,no,polarized FTIR E ,, a,Ferriss,in prep,86.2,bulk H,kiki,1000,0.0001,,Ni-NiO+1.9,-8.4,dehydration,a,8,[Si],-10.7,88,no,polarized FTIR E ,, a,Ferriss,in prep,86.2,bulk H,kiki,1000,0.0001,,Ni-NiO+1.9,-8.4,dehydration,a,8,[Si],-10.7,88,no,polarized FTIR E ,, a,Ferriss,in prep,86.2,bulk H,kiki,1000,0.0001,,Ni-NiO+1.9,-8.4,dehydration,a,8,[Si],-10.7,88,no,polarized FTIR E ,, a,Ferriss,in prep,86.2,bulk H,kiki,1000,0.0001,,Ni-NiO+1.9,-8.4,dehydration,a,8,[Si],-10.7,88,no,polarized FTIR E ,, a,Ferriss,in prep,86.2,bulk H,kiki,1000,0.0001,,Ni-NiO+1.9,-8.4,dehydration,a,8,[Si],-10.7,88,no,polarized FTIR E ,, a,Ferriss,in prep,86.2,bulk H,kiki,1000,0.0001,,Ni-NiO+1.9,-8.4,dehydration,a,8,[Si],-10.7,88,no,polarized FTIR E ,, a,Ferriss,in prep,86.2,bulk H,kiki,1000,0.0001,,Ni-NiO+1.9,-8.4,dehydration,a,8,[Si],-10.7,88,no,polarized FTIR E ,, a,Ferriss,in prep,86.2,bulk H,kiki,1000,0.0001,,Ni-NiO+1.9,-8.4,dehydration,a,8,[Si],-10.7,88,no,polarized FTIR E ,, a,Ferriss,in prep,86.2,bulk H,kiki,1000,0.0001,,Ni-NiO+1.9,-8.4,dehydration,a,8,[Si],-10.7,88,no,polarized FTIR E ,, a,Ferriss,in prep,86.2,bulk H,kiki,1000,0.0001,,Ni-NiO+1.9,-8.4,dehydration,a,8,[Si],-10.7,88,no,polarized FTIR E ,, a,Ferriss,in prep,86.2,bulk H,kiki,1000,0.0001,,Ni-NiO+1.9,-8.4,dehydration,a,8,[Si],-10.7,88,no,polarized FTIR E ,, a,Ferriss,in prep,86.2,bulk H,kiki,1000,0.0001,,Ni-NiO+1.9,-8.4,dehydration,a,8,[Si],-10.7,88,no,polarized FTIR E ,, a,Ferriss,in prep,86.2,bulk H,kiki,1000,0.0001,,Ni-NiO+1.9,-8.4,dehydration,a,8,[Si],-10.7,88,no,polarized FTIR E ,, a,Ferriss,in prep,86.2,bulk H,kiki,1000,0.0001,,Ni-NiO+1.9,-8.4,dehydration,a,8,[Si],-10.7,88,no,polarized FTIR E ,, a,Ferriss,in prep,86.2,bulk H,kiki,1000,0.0001,,Ni-NiO+1.9,-8.4,dehydration,a,8,[Si],-10.7,88,no,polarized FTIR E ,, a,Ferriss,in prep,86.2,bulk H,kiki,1000,0.0001,,Ni-NiO+1.9,-8.4,dehydration,a,8,[Si],-10.7,88,no,polarized FTIR E ,, a,Ferriss,in prep,86.2,bulk H,kiki,1000,0.0001,,Ni-NiO+1.9,-8.4,dehydration,a,8,[Si],-10.7,88,no,polarized FTIR E ,, a,Ferriss,in prep,86.2,bulk H,kiki,1000,0.0001,,Ni-NiO+1.9,-8.4,dehydration,a,8,[Si],-10.7,88,no,polarized FTIR E ,, a,Ferriss,in prep,86.2,bulk H,kiki,1000,0.0001,,Ni-NiO+1.9,-8.4,dehydration,a,8,[Si],-10.7,88,no,polarized FTIR E ,, a,Ferriss,in prep,86.2,bulk H,kiki,1000,0.0001,,Ni-NiO+1.9,-8.4,dehydration,a,8,[Si],-10.7,88,no,polarized FTIR E ,, a,Ferriss,in prep,86.2,bulk H,kiki
Ferriss,in prep,86.2,3356,1000,0.0001,Ni-NiO+1.9,-8.4,dehydration,kiki,b,8,[tri],-12,0.6,,no,polarized FTIR E ,,Ferriss,in prep,86.2,bulk H,kiki,1000,0.0001,,Ni-NiO+1.9,-8.4,dehydration,b,8,[Si],-12,88,no,polarized FTIR E ,, a,Ferriss,in prep,86.2,bulk H,kiki,1000,0.0001,,Ni-NiO+1.9,-8.4,dehydration,b,8,[Si],-12,88,no,polarized FTIR E ,, a,Ferriss,in prep,86.2,bulk H,kiki,1000,0.0001,,Ni-NiO+1.9,-8.4,dehydration,b,8,[Si],-12,88,no,polarized FTIR E ,, a,Ferriss,in prep,86.2,bulk H,kiki,1000,0.0001,,Ni-NiO+1.9,-8.4,dehydration,b,8,[Si],-12,88,no,polarized FTIR E ,, a,Ferriss,in prep,86.2,bulk H,kiki,1000,0.0001,,Ni-NiO+1.9,-8.4,dehydration,b,8,[Si],-12,88,no,polarized FTIR E ,, a,Ferriss,in prep,86.2,bulk H,kiki,1000,0.0001,,Ni-NiO+1.9,-8.4,dehydration,b,8,[Si],-12,88,no,polarized FTIR E ,, a,Ferriss,in prep,86.2,bulk H,kiki,1000,0.0001,,Ni-NiO+1.9,-8.4,dehydration,b,8,[Si],-12,88,no,polarized FTIR E ,, a,Ferriss,in prep,86.2,bulk H,kiki,1000,0.0001,,Ni-NiO+1.9,-8.4,dehydration,b,8,[Si],-12,88,no,polarized FTIR E ,, a,Ferriss,in prep,86.2,bulk H,kiki,1000,0.0001,,Ni-NiO+1.9,-8.4,dehydration,b,8,[Si],-12,88,no,polarized FTIR E ,, a,Ferriss,in prep,86.2,bulk H,kiki,1000,0.0001,,Ni-NiO+1.9,-8.4,dehydration,b,8,[Si],-12,88,no,polarized FTIR E ,, a,Ferriss,in prep,86.2,bulk H,kiki,1000,0.0001,,Ni-NiO+1.9,-8.4,dehydration,b,8,[Si],-12,88,no,polarized FTIR E ,, a,Ferriss,in prep,86.2,bulk H,kiki,1000,0.0001,,Ni-NiO+1.9,-8.4,dehydration,b,8,[Si],-12,88,no,polarized FTIR E ,, a,Ferriss,in prep,86.2,bulk H,kiki,1000,0.0001,,Ni-NiO+1.9,-8.4,dehydration,b,8,[Si],-12,88,no,polarized FTIR E ,, a,Ferriss,in prep,86.2,bulk H,kiki,1000,0.0001,,Ni-NiO+1.9,-8.4,dehydration,b,8,[Si],-12,88,no,polarized FTIR E ,, a,Ferriss,in prep,86.2,bulk H,kiki,1000,0.0001,,Ni-NiO+1.9,-8.4,dehydration,b,8,[Si],-12,88,no,polarized FTIR E ,, a,Ferriss,in prep,86.2,bulk H,kiki,1000,0.0001,,Ni-NiO+1.9,-8.4,dehydration,b,8,[Si],-12,88,no,polarized FTIR E ,, a,Ferriss,in prep,86.2,bulk H,kiki,1000,0.0001,,Ni-NiO+1.9,-8.4,dehydration,b,8,[Si],-12,88,no,polarized FTIR E ,, a,Ferriss,in prep,86.2,bulk H,kiki,1000,0.0001,,Ni-NiO+1.9,-8.4,dehydration,b,8,[Si],-12,88,no,polarized FTIR E ,, a,Ferriss,in prep,86.2,bulk H,kiki,1000,0.0001,,Ni-NiO+1.9,-8.4,dehydration,b,8,[Si],-12,88,no,polarized FTIR E ,, a,Ferriss,in prep,86.2,bulk H,kiki,1000,0.0001,,Ni-NiO+1.9,-8.4,dehydration,b,8,[Si],-12,88,no,polarized FTIR E ,, a,Ferriss,in prep,86.2,bulk H,kiki,1000,0.0001,,Ni-NiO+1.9,-8.4,dehydration,b,8,[Si],-12,88,no,polarized FTIR E ,, a,Ferriss,in prep,86.2,bulk H,kiki,1000,0.0001,,Ni-NiO+1.9,-8.4,dehydration,b,8,[Si],-12,88,no,polarized FTIR E ,, a,Ferriss,in prep,86.2,bulk H,kiki,1000,0.0001,,Ni-NiO+1.9,-8.4,dehydration,b,8,[Si],-12,88,no,polarized FTIR E ,, a,Ferriss,in prep,86.2,bulk H,kiki,1000,0.0001,,Ni-NiO+1.9,-8.4,dehydration,b,8,[Si],-12,88,no,polarized FTIR E ,, a,Ferriss,in prep,86.2,bulk H,kiki,1000,0.0001,,Ni-NiO+1.9,-8.4,dehydration,b,8,[Si],-12,88,no,polarized FTIR E ,, a,Ferriss,in prep,86.2,bulk H,kiki,1000,0.0001,,Ni-NiO+1.9,-8.4,dehydration,b,8,[Si],-12,88,no,polarized FTIR E ,, a,Ferriss,in prep,86.2,bulk H,kiki,1000,0.0001,,Ni-NiO+1.9,-8.4,dehydration,b,8,[Si],-12,88,no,polarized FTIR E ,, a,Ferriss,in prep,86.2,bulk H,kiki,1000,0.0001,,Ni-NiO+1.9,-8.4,dehydration,b,8,[Si],-12,88,no,polarized FTIR E ,, a,Ferriss,in prep,86.2,bulk H,kiki,1000,0.0001,,Ni-NiO+1.9,-8.4,dehydration,b,8,[Si],-12,88,no,polarized FTIR E ,, a,Ferriss,in prep,86.2,bulk H,kiki,1000,0.0001,,Ni-NiO+1.9,-8.4,dehydration,b,8,[Si],-12,88,no,polarized FTIR E ,, a,Ferriss,in prep,86.2,bulk H,kiki,1000,0.0001,,Ni-NiO+1.9,-8.4,dehydration,b,8,[Si],-12,88,no,polarized FTIR E ,, a,Ferriss,in prep,86.2,bulk H,kiki,1000,0.0001,,Ni-NiO+1.9,-8.4,dehydration,b,8,[Si],-12,88,no,polarized FTIR E ,, a,Ferriss,in prep,86.2,bulk H,kiki,1000,0.0001,,Ni-NiO+1.9,-8.4,dehydration,b,8,[Si],-12,88,no,polarized FTIR E ,, a,Ferriss,in prep,86.2,bulk H,kiki,1000,0.0001,,Ni-NiO+1.9,-8.4,dehydration,b,8,[Si],-12,88,no,polarized FTIR E ,, a,Ferriss,in prep,86.2,bulk H,kiki,1000,0.0001,,Ni-NiO+1.9,-8.4,dehydration,b,8,[Si],-12,88,no,polarized FTIR E ,, a,Ferriss,in prep,86.2,bulk H,kiki,1000,0.0001,,Ni-NiO+1.9,-8.4,dehydration,b,8,[Si],-12,88,no,polarized FTIR E ,, a,Ferriss,in prep,86.2,bulk H,kiki,1000,0.0001,,Ni-NiO+1.9,-8.4,dehydration,b,8,[Si],-12,88,no,polarized FTIR E ,, a,Ferriss,in prep,86.2,bulk H,kiki,1000,0.0001,,Ni-NiO+1.9,-8.4,dehydration,b,8,[Si],-12,88,no,polarized FTIR E ,, a,Ferriss,in prep,86.2,bulk H,kiki,1000,0.0001,,Ni-NiO+1.9,-8.4,dehydration,b,8,[Si],-12,88,no,polarized FTIR E ,, a,Ferriss,in prep,86.2,bulk H,kiki,1000,0.0001,,Ni-NiO+1.9,-8.4,dehydration,b,8,[Si],-12,88,no,polarized FTIR E ,, a,Ferriss,in prep,86.2,bulk H,kiki,1000,0.0001,,Ni-NiO+1.9,-8.4,dehydration,b,8,[Si],-12,88,no,polarized FTIR E ,, a,Ferriss,in prep,86.2,bulk H,kiki,1000,0.0001,,Ni-NiO+1.9,-8.4,dehydration,b,8,[Si],-12,88,no,polarized FTIR E ,, a,Ferriss,in prep,86.2,bulk H,kiki,1000,0.0001,,Ni-NiO+1.9,-8.4,dehydration,b,8,[Si],-12,88,no,polarized FTIR E ,, a,Ferriss,in prep,86.2,bulk H,kiki,1000,0.0001,,Ni-NiO+1.9,-8.4,dehydration,b,8,[Si],-12,88,no,polarized FTIR E ,, a,Ferriss,in prep,86.2,bulk H,kiki,1000,0.0001,,Ni-NiO+1.9,-8.4,dehydration,b,8,[Si],-12,88,no,polarized FTIR E ,, a,Ferriss,in prep,86.2,bulk H,kiki,1000,0.0001,,Ni-NiO+1.9,-8.4,dehydration,b,8,[Si],-12,88,no,polarized FTIR E ,, a,Ferriss,in prep,86.2,bulk H,kiki,1000,0.0001,,Ni-NiO+1.9,-8.4,dehydration,b,8,[Si],-12,88,no,polarized FTIR E ,, a,Ferriss,in prep,86.2,bulk H,kiki,1000,0.0001,,Ni-NiO+1.9,-8.4,dehydration,b,8,[Si],-12,88,no,polarized FTIR E ,, a,Ferriss,in prep,86.2,bulk H,kiki,1000,0.0001,,Ni-NiO+1.9,-8.4,dehydration,b,8,[Si],-12,88,no,polarized FTIR E ,, a,Ferriss,in prep,86.2,bulk H,kiki,1000,0.0001,,Ni-NiO+1.9,-8.4,dehydration,b,8,[Si],-12,88,no,polarized FTIR E ,, a,Ferriss,in prep,86.2,bulk H,kiki
Ferriss,in prep,86.2,3356,1000,0.0001,Ni-NiO+1.9,-8.4,dehydration,kiki,c,8,[tri],-11.8,0.6,,no,polarized FTIR E ,,Ferriss,in prep,86.2,bulk H,kiki,1000,0.0001,,Ni-NiO+1.9,-8.4,dehydration,c,8,[Si],-11.9,88,no,polarized FTIR E ,, a,Ferriss,in prep,86.2,bulk H,kiki,1000,0.0001,,Ni-NiO+1.9,-8.4,dehydration,c,8,[Si],-11.9,88,no,polarized FTIR E ,, a,Ferriss,in prep,86.2,bulk H,kiki,1000,0.0001,,Ni-NiO+1.9,-8.4,dehydration,c,8,[Si],-11.9,88,no,polarized FTIR E ,, a,Ferriss,in prep,86.2,bulk H,kiki,1000,0.0001,,Ni-NiO+1.9,-8.4,dehydration,c,8,[Si],-11.9,88,no,polarized FTIR E ,, a,Ferriss,in prep,86.2,bulk H,kiki,1000,0.0001,,Ni-NiO+1.9,-8.4,dehydration,c,8,[Si],-11.9,88,no,polarized FTIR E ,, a,Ferriss,in prep,86.2,bulk H,kiki,1000,0.0001,,Ni-NiO+1.9,-8.4,dehydration,c,8,[Si],-11.9,88,no,polarized FTIR E ,, a,Ferriss,in prep,86.2,bulk H,kiki,1000,0.0001,,Ni-NiO+1.9,-8.4,dehydration,c,8,[Si],-11.9,88,no,polarized FTIR E ,, a,Ferriss,in prep,86.2,bulk H,kiki,1000,0.0001,,Ni-NiO+1.9,-8.4,dehydration,c,8,[Si],-11.9,88,no,polarized FTIR E ,, a,Ferriss,in prep,86.2,bulk H,kiki,1000,0.0001,,Ni-NiO+1.9,-8.4,dehydration,c,8,[Si],-11.9,88,no,polarized FTIR E ,, a,Ferriss,in prep,86.2,bulk H,kiki,1000,0.0001,,Ni-NiO+1.9,-8.4,dehydration,c,8,[Si],-11.9,88,no,polarized FTIR E ,, a,Ferriss,in prep,86.2,bulk H,kiki,1000,0.0001,,Ni-NiO+1.9,-8.4,dehydration,c,8,[Si],-11.9,88,no,polarized FTIR E ,, a,Ferriss,in prep,86.2,bulk H,kiki,1000,0.0001,,Ni-NiO+1.9,-8.4,dehydration,c,8,[Si],-11.9,88,no,polarized FTIR E ,, a,Ferriss,in prep,86.2,bulk H,kiki,1000,0.0001,,Ni-NiO+1.9,-8.4,dehydration,c,8,[Si],-11.9,88,no,polarized FTIR E ,, a,Ferriss,in prep,86.2,bulk H,kiki,1000,0.0001,,Ni-NiO+1.9,-8.4,dehydration,c,8,[Si],-11.9,88,no,polarized FTIR E ,, a,Ferriss,in prep,86.2,bulk H,kiki,1000,0.0001,,Ni-NiO+1.9,-8.4,dehydration,c,8,[Si],-11.9,88,no,polarized FTIR E ,, a,Ferriss,in prep,86.2,bulk H,kiki,1000,0.0001,,Ni-NiO+1.9,-8.4,dehydration,c,8,[Si],-11.9,88,no,polarized FTIR E ,, a,Ferriss,in prep,86.2,bulk H,kiki,1000,0.0001,,Ni-NiO+1.9,-8.4,dehydration,c,8,[Si],-11.9,88,no,polarized FTIR E ,, a,Ferriss,in prep,86.2,bulk H,kiki,1000,0.0001,,Ni-NiO+1.9,-8.4,dehydration,c,8,[Si],-11.9,88,no,polarized FTIR E ,, a,Ferriss,in prep,86.2,bulk H,kiki,1000,0.0001,,Ni-NiO+1.9,-8.4,dehydration,c,8,[Si],-11.9,88,no,polarized FTIR E ,, a,Ferriss,in prep,86.2,bulk H,kiki,1000,0.0001,,Ni-NiO+1.9,-8.4,dehydration,c,8,[Si],-11.9,88,no,polarized FTIR E ,, a,Ferriss,in prep,86.2,bulk H,kiki,1000,0.0001,,Ni-NiO+1.9,-8.4,dehydration,c,8,[Si],-11.9,88,no,polarized FTIR E ,, a,Ferriss,in prep,86.2,bulk H,kiki,1000,0.0001,,Ni-NiO+1.9,-8.4,dehydration,c,8,[Si],-11.9,88,no,polarized FTIR E ,, a,Ferriss,in prep,86.2,bulk H,kiki,1000,0.0001,,Ni-NiO+1.9,-8.4,dehydration,c,8,[Si],-11.9,88,no,polarized FTIR E ,, a,Ferriss,in prep,86.2,bulk H,kiki,1000,0.0001,,Ni-NiO+1.9,-8.4,dehydration,c,8,[Si],-11.9,88,no,polarized FTIR E ,, a,Ferriss,in prep,86.2,bulk H,kiki,1000,0.0001,,Ni-NiO+1.9,-8.4,dehydration,c,8,[Si],-11.9,88,no,polarized FTIR E ,, a,Ferriss,in prep,86.2,bulk H,kiki,1000,0.0001,,Ni-NiO+1.9,-8.4,dehydration,c,8,[Si],-11.9,88,no,polarized FTIR E ,, a,Ferriss,in prep,86.2,bulk H,kiki,1000,0.0001,,Ni-NiO+1.9,-8.4,dehydration,c,8,[Si],-11.9,88,no,polarized FTIR E ,, a,Ferriss,in prep,86.2,bulk H,kiki,1000,0.0001,,Ni-NiO+1.9,-8.4,dehydration,c,8,[Si],-11.9,88,no,polarized FTIR E ,, a,Ferriss,in prep,86.2,bulk H,kiki,1000,0.0001,,Ni-NiO+1.9,-8.4,dehydration,c,8,[Si],-11.9,88,no,polarized FTIR E ,, a,Ferriss,in prep,86.2,bulk H,kiki,1000,0.0001,,Ni-NiO+1.9,-8.4,dehydration,c,8,[Si],-11.9,88,no,polarized FTIR E ,, a,Ferriss,in prep,86.2,bulk H,kiki,1000,0.0001,,Ni-NiO+1.9,-8.4,dehydration,c,8,[Si],-11.9,88,no,polarized FTIR E ,, a,Ferriss,in prep,86.2,bulk H,kiki,1000,0.0001,,Ni-NiO+1.9,-8.4,dehydration,c,8,[Si],-11.9,88,no,polarized FTIR E ,, a,Ferriss,in prep,86.2,bulk H,kiki,1000,0.0001,,Ni-NiO+1.9,-8.4,dehydration,c,8,[Si],-11.9,88,no,polarized FTIR E ,, a,Ferriss,in prep,86.2,bulk H,kiki,1000,0.0001,,Ni-NiO+1.9,-8.4,dehydration,c,8,[Si],-11.9,88,no,polarized FTIR E ,, a,Ferriss,in prep,86.2,bulk H,kiki,1000,0.0001,,Ni-NiO+1.9,-8.4,dehydration,c,8,[Si],-11.9,88,no,polarized FTIR E ,, a,Ferriss,in prep,86.2,bulk H,kiki,1000,0.0001,,Ni-NiO+1.9,-8.4,dehydration,c,8,[Si],-11.9,88,no,polarized FTIR E ,, a,Ferriss,in prep,86.2,bulk H,kiki,1000,0.0001,,Ni-NiO+1.9,-8.4,dehydration,c,8,[Si],-11.9,88,no,polarized FTIR E ,, a,Ferriss,in prep,86.2,bulk H,kiki,1000,0.0001,,Ni-NiO+1.9,-8.4,dehydration,c,8,[Si],-11.9,88,no,polarized FTIR E ,, a,Ferriss,in prep,86.2,bulk H,kiki,1000,0.0001,,Ni-NiO+1.9,-8.4,dehydration,c,8,[Si],-11.9,88,no,polarized FTIR E ,, a,Ferriss,in prep,86.2,bulk H,kiki,1000,0.0001,,Ni-NiO+1.9,-8.4,dehydration,c,8,[Si],-11.9,88,no,polarized FTIR E ,, a,Ferriss,in prep,86.2,bulk H,kiki,1000,0.0001,,Ni-NiO+1.9,-8.4,dehydration,c,8,[Si],-11.9,88,no,polarized FTIR E ,, a,Ferriss,in prep,86.2,bulk H,kiki,1000,0.0001,,Ni-NiO+1.9,-8.4,dehydration,c,8,[Si],-11.9,88,no,polarized FTIR E ,, a,Ferriss,in prep,86.2,bulk H,kiki,1000,0.0001,,Ni-NiO+1.9,-8.4,dehydration,c,8,[Si],-11.9,88,no,polarized FTIR E ,, a,Ferriss,in prep,86.2,bulk H,kiki,1000,0.0001,,Ni-NiO+1.9,-8.4,dehydration,c,8,[Si],-11.9,88,no,polarized FTIR E ,, a,Ferriss,in prep,86.2,bulk H,kiki,1000,0.0001,,Ni-NiO+1.9,-8.4,dehydration,c,8,[Si],-11.9,88,no,polarized FTIR E ,, a,Ferriss,in prep,86.2,bulk H,kiki,1000,0.0001,,Ni-NiO+1.9,-8.4,dehydration,c,8,[Si],-11.9,88,no,polarized FTIR E ,, a,Ferriss,in prep,86.2,bulk H,kiki,1000,0.0001,,Ni-NiO+1.9,-8.4,dehydration,c,8,[Si],-11.9,88,no,polarized FTIR E ,, a,Ferriss,in prep,86.2,bulk H,kiki,1000,0.0001,,Ni-NiO+1.9,-8.4,dehydration,c,8,[Si],-11.9,88,no,polarized FTIR E ,, a,Ferriss,in prep,86.2,bulk H,kiki,1000,0.0001,,Ni-NiO+1.9,-8.4,dehydration,c,8,[Si],-11.9,88,no,polarized FTIR E ,, a,Ferriss,in prep,86.2,bulk H,kiki,1000,0.0001,,Ni-NiO+1.9,-8.4,dehydration,c,8,[Si],-11.9,88,no,polarized FTIR E ,, a,Ferriss,in prep,86.2,bulk H,kiki
